Valverde  (1335,2981)  (1308,2997)  (1308,2970)  (1356,3008)  (1347,2954)  (1350,2927)
Kaskaskia  (972,666)  (945,692)  (945,665)  (983,693)  (972,639)  (999,639)  (943,638)  (1010,705)  (918,692)  (918,665)  (983,720)  (970,612)  (997,612)
South California Coast SZ  (287,2900)  (260,2926)  (260,2899)  (313,2927)  (287,2873)  (314,2873)  (314,2900)  (258,2872)  (286,2953)  (259,2953)  (233,2926)  (233,2899)  (340,2927)  (340,2954)  (313,2954)  (232,2954)  (285,2846)  (312,2846)  (339,2846)  (341,2873)  (341,2900)  (231,2872)  (231,2845)  (258,2845)  (366,2821)  (286,2980)  (259,2980)  (206,2927)  (206,2900)  (367,2927)  (367,2954)  (367,2981)  (340,2981)  (313,2981)  (232,2981)  (205,2981)  (205,2954)  (285,2819)  (312,2819)  (339,2819)  (368,2848)  (368,2875)  (204,2873)  (204,2846)  (204,2819)  (231,2818)  (258,2818)  (366,2794)  (393,2794)  (393,2821)  (286,3007)  (259,3007)  (179,2927)  (179,2900)
Pimas Villages  (937,2960)  (910,2985)  (910,2958)  (963,2987)  (990,2977)  (1017,2977)
Campbell's Pass  (1326,2818)  (1299,2814)  (1341,2791)  (1353,2818)  (1368,2776)
Cumberland River Middle  (1268,953)  (1232,939)  (1295,972)  (1329,975)
Tampa  (2080,2143)  (2053,2169)  (2053,2142)  (2106,2170)  (2080,2116)  (2107,2116)  (2107,2143)  (2051,2115)  (2079,2196)  (2052,2196)  (2133,2170)  (2133,2197)  (2106,2197)  (2078,2089)  (2105,2089)  (2024,2102)  (2051,2088)  (2011,2075)  (2079,2223)  (2052,2223)  (2149,2224)  (2122,2224)  (2078,2062)  (2038,2061)  (1994,2048)  (2065,2035)  (2021,2034)  (1989,2021)  (2048,2008)  (2016,2007)
Spring Cottage  (1032,1850)  (1005,1867)  (1005,1840)  (1058,1877)  (1059,1847)
Springfield  (927,369)  (900,395)  (900,368)  (927,342)  (954,342)  (954,369)  (898,341)  (919,422)  (892,422)  (873,395)  (873,368)  (925,315)  (952,315)  (979,315)  (981,342)  (981,369)  (871,341)  (982,396)  (865,430)  (921,449)  (894,449)  (846,377)  (1008,318)  (1008,355)  (844,350)  (921,476)  (817,341)
Wilkesboro  (2115,900)  (2088,926)  (2088,899)  (2128,927)  (2115,873)  (2142,873)  (2142,900)  (2086,872)  (2101,953)  (2074,953)  (2061,926)  (2061,899)  (2169,854)  (2169,881)  (2169,908)  (2034,932)  (2195,935)  (2196,863)
Delaware Mouth SZ  (2841,518)  (2814,544)  (2867,545)  (2825,491)  (2852,491)  (2868,518)  (2879,480)  (2840,571)  (2813,571)  (2894,545)  (2894,572)  (2867,572)  (2836,464)  (2895,507)  (2863,453)  (2890,453)  (2906,480)  (2917,442)  (2840,598)  (2813,598)  (2921,534)  (2921,561)  (2921,588)  (2894,599)  (2867,599)  (2922,507)  (2856,426)  (2883,426)  (2933,469)  (2937,615)  (2910,415)  (2937,415)  (2944,442)  (2840,625)  (2813,625)  (2948,534)  (2948,561)  (2948,588)  (2910,626)  (2883,626)  (2949,496)  (2865,399)  (2960,469)  (2964,395)  (2964,615)  (2964,642)  (2937,642)  (2892,388)  (2919,388)  (2856,652)  (2829,652)
Sparta  (1482,989)  (1455,1015)  (1455,988)  (1500,1016)  (1482,962)  (1509,962)  (1509,989)  (1428,1004)  (1495,935)
Cumberland Mountains North  (1819,847)
Cincinnati  (1565,400)  (1594,401)  (1623,425)  (1620,453)  (1582,442)
Thomasville  (1839,1790)  (1812,1816)  (1812,1789)  (1865,1817)  (1839,1763)  (1866,1763)  (1866,1790)  (1810,1762)  (1831,1843)  (1785,1840)  (1785,1813)  (1892,1817)  (1857,1736)  (1884,1736)  (1893,1763)  (1893,1790)  (1783,1786)  (1783,1759)  (1785,1732)  (1756,1808)
Woodville  (318,1904)  (291,1930)  (291,1903)  (344,1931)  (318,1877)  (345,1877)  (345,1904)  (289,1876)  (317,1957)  (264,1948)  (264,1921)  (371,1931)  (371,1958)  (344,1958)  (316,1850)  (343,1850)  (370,1850)  (372,1877)  (372,1904)  (262,1894)  (262,1867)  (289,1849)  (237,1948)  (237,1921)  (373,1985)  (346,1985)  (364,1823)  (399,1874)  (399,1901)  (235,1894)  (235,1867)  (220,1840)  (210,1926)  (373,2012)  (208,1899)  (378,2039)
Wooster Station  (1842,157)
Dublin  (1905,1601)  (1878,1607)  (1878,1580)  (1931,1628)  (1905,1574)  (1932,1590)  (1958,1617)
Valparaiso Station  (1191,99)
Chattanooga  (1586,1152)
Blackville Station  (2127,1335)
Dayton Station  (1661,320)
New Market Station  (2363,2093)
Leakesville  (1140,1769)  (1113,1795)  (1113,1768)  (1166,1796)  (1140,1742)  (1167,1742)  (1167,1769)  (1113,1726)  (1139,1822)  (1112,1822)  (1086,1795)  (1193,1796)  (1193,1823)  (1166,1823)  (1085,1715)  (1140,1715)  (1167,1715)  (1194,1764)  (1135,1849)  (1108,1849)  (1115,1688)
Lewisburg  (2113,587)  (2086,613)  (2086,586)  (2139,614)  (2140,570)  (2084,559)  (2057,554)  (2084,532)  (2055,527)  (2111,525)  (2030,556)
Lynchburg  (2337,719)  (2334,746)  (2307,759)  (2305,662)
Upperville  (2769,1919)  (2742,1945)  (2742,1918)  (2795,1946)  (2769,1892)  (2796,1892)  (2796,1919)  (2740,1891)  (2715,1967)  (2715,1940)  (2800,1973)  (2768,1865)  (2823,1887)
Jonesboro Station  (1945,869)
Leakesville Station  (1086,1744)
Lake Carson  (553,2292)  (526,2318)  (526,2291)  (579,2319)  (580,2268)  (552,2345)  (525,2345)  (499,2318)  (499,2291)  (606,2295)  (606,2322)  (579,2346)  (498,2346)  (607,2268)  (609,2349)  (472,2318)  (472,2291)  (633,2295)  (633,2322)  (582,2373)  (634,2268)  (636,2349)  (660,2295)  (661,2268)  (687,2295)  (688,2268)  (714,2295)  (715,2268)  (741,2295)  (742,2268)
Leonardtown  (3306,2255)  (3279,2270)  (3279,2243)  (3332,2282)  (3266,2216)  (3252,2249)  (3359,2284)  (3239,2222)  (3239,2195)  (3225,2254)  (3212,2209)
Arkansas River Upper  (420,1159)  (215,1168)  (260,1174)  (382,1153)  (315,1166)  (451,1183)  (486,1196)  (538,1207)
Missouri River Lower  (697,593)  (571,596)  (629,595)  (746,608)
Salem Station  (1364,539)
Plymouth  (2718,903)  (2691,916)  (2745,883)  (2745,910)  (2664,908)  (2772,897)  (2638,881)  (2799,912)  (2826,912)
Mansfield  (270,1748)  (243,1774)  (243,1747)  (296,1775)  (270,1721)  (297,1721)  (297,1748)  (241,1720)  (264,1801)  (237,1801)  (216,1774)  (216,1747)  (323,1775)  (268,1694)  (295,1694)  (324,1733)  (214,1720)  (214,1693)  (241,1693)  (210,1807)  (189,1780)  (189,1753)  (350,1760)  (350,1787)  (187,1726)  (187,1699)  (187,1672)  (214,1666)  (184,1834)  (183,1807)  (166,1645)  (162,1780)  (162,1753)  (160,1726)  (160,1699)  (160,1672)  (157,1860)  (156,1833)  (135,1806)  (135,1779)  (133,1752)  (130,1863)  (129,1836)  (108,1809)  (106,1747)  (102,1847)
Playa De Los Pimas  (1125,3071)  (1098,3097)  (1098,3070)  (1151,3098)  (1125,3044)  (1152,3044)  (1152,3071)  (1096,3043)  (1124,3124)  (1097,3124)  (1071,3097)  (1178,3098)  (1070,3124)  (1123,3017)  (1150,3017)  (1080,3016)  (1044,3097)  (1205,3081)  (1205,3108)  (1078,2989)
Green River  (1085,2548)  (1058,2574)  (1058,2547)  (1111,2575)  (1085,2521)  (1112,2521)  (1112,2548)  (1056,2520)  (1084,2601)  (1057,2601)  (1031,2574)  (1031,2547)  (1138,2575)  (1138,2602)  (1111,2602)  (1030,2602)  (1083,2494)  (1110,2494)  (1137,2494)  (1139,2521)  (1139,2548)  (1164,2469)  (1004,2575)  (1004,2548)  (1165,2575)  (1165,2602)  (1005,2629)  (1003,2602)  (1100,2467)  (1127,2467)  (1166,2496)  (1166,2523)  (978,2650)  (1154,2442)  (1181,2442)  (1191,2469)  (977,2575)  (1192,2550)  (1192,2577)  (1192,2604)  (976,2623)  (1120,2440)  (1193,2496)  (1193,2523)  (1218,2464)  (950,2596)  (950,2569)  (1219,2550)  (1219,2577)  (1219,2604)  (949,2645)
Tennessee River Middle  (1222,1228)  (1275,1214)  (1179,1206)  (1143,1205)  (1313,1218)
Williamsburg  (3240,2808)  (3213,2834)  (3213,2807)  (3266,2835)  (3240,2781)  (3211,2780)  (3187,2753)  (3214,2753)  (3160,2746)
Cheraw Station  (2430,1193)
Brashear City  (594,2078)  (567,2104)  (567,2077)  (620,2105)  (594,2051)  (621,2073)  (565,2050)  (540,2101)  (648,2088)  (666,2115)  (675,2088)  (702,2092)
Mesilla  (1299,3104)  (1272,3130)  (1272,3103)  (1325,3131)  (1299,3077)  (1326,3077)  (1326,3104)  (1270,3076)  (1352,3131)  (1303,3050)  (1330,3050)  (1353,3077)  (1353,3104)
Upper Marlboro  (3198,2009)  (3171,2035)  (3171,2008)  (3224,2036)  (3198,1982)  (3225,1982)  (3225,2009)  (3197,2062)  (3144,2036)  (3244,2063)  (3195,1955)  (3222,1955)  (3217,2089)  (3246,2090)  (3229,1928)  (3219,2116)  (3251,2117)  (3254,2144)
Mississippi River Lower 1  (1016,874)  (1013,909)  (981,939)  (984,845)
Decatur Station  (1820,1364)
Fort Atkinson  (2058,2631)  (2031,2657)  (2031,2630)  (2084,2658)  (2058,2604)  (2085,2604)  (2085,2631)  (2029,2603)  (2057,2684)  (2030,2684)  (2004,2657)  (2004,2630)  (2111,2658)  (2111,2685)  (2084,2685)  (2062,2577)  (2112,2618)  (1977,2676)  (2138,2645)  (2138,2672)  (2138,2699)  (2111,2712)  (2084,2712)  (2152,2726)  (2165,2682)  (2125,2739)  (2170,2753)  (2131,2766)
Mississippi River Lower 4  (735,1589)  (747,1624)  (729,1562)  (733,1528)
Mississippi River Lower 5  (730,1747)  (710,1795)  (748,1715)  (741,1683)  (691,1826)
Mississippi River Lower 2  (912,1075)  (951,1014)  (913,1102)  (894,1129)
Moulton Station  (1286,1247)
Franklinton  (926,1905)  (947,1932)  (920,1932)  (912,1878)  (939,1878)  (911,1851)  (938,1851)  (915,1824)
Mississippi River Lower 3  (753,1394)  (779,1355)  (744,1435)  (746,1462)  (806,1314)  (746,1489)  (841,1257)  (856,1230)  (875,1177)
Huntington Station  (2392,99)
Rockville  (3015,1798)  (2988,1824)  (2988,1797)  (3041,1825)  (3015,1771)  (3042,1771)  (3042,1798)  (2986,1770)  (2961,1824)  (2961,1797)  (3068,1825)  (3068,1852)  (3041,1852)  (3063,1744)  (3069,1771)  (3069,1798)  (2959,1770)  (2957,1743)  (2934,1807)  (3095,1850)  (3087,1879)  (3060,1879)  (3096,1762)  (3096,1789)
St Louis  (804,664)  (777,663)  (804,637)  (823,695)
Salem  (1394,523)  (1367,509)  (1412,550)  (1394,496)  (1344,482)  (1340,513)  (1439,528)  (1439,555)  (1412,577)  (1371,469)  (1398,469)  (1331,455)  (1395,604)  (1396,442)
Bermuda Hundred  (2919,2788)  (2892,2814)  (2902,2761)  (2929,2761)  (2946,2788)  (2865,2822)  (2973,2789)
Hagerstown  (2694,1418)  (2720,1445)  (2693,1445)  (2715,1391)  (2721,1418)  (2666,1452)  (2742,1391)  (2747,1445)  (2707,1472)  (2748,1418)  (2680,1479)  (2653,1479)  (2774,1445)  (2775,1401)  (2698,1506)  (2786,1472)  (2801,1428)  (2813,1455)  (2828,1482)  (2840,1441)
Springfield Station  (948,407)
Augusta  (1967,1376)  (1940,1402)  (1940,1375)  (1993,1403)  (1967,1349)  (1994,1360)  (1922,1429)  (1913,1402)  (1913,1375)  (2020,1387)  (1896,1348)  (1895,1444)  (1886,1417)  (1886,1390)  (2047,1380)
South Pacific SZ  (306,3119)  (279,3141)  (279,3114)  (306,3092)  (333,3092)  (333,3119)  (273,3087)  (252,3141)  (252,3114)  (300,3065)  (327,3065)  (354,3065)  (360,3092)  (360,3119)  (246,3087)  (246,3060)  (273,3060)  (381,3044)  (225,3141)  (225,3114)  (387,3071)  (387,3098)  (387,3125)  (219,3087)  (219,3060)  (408,3044)  (198,3141)  (198,3114)  (414,3071)  (414,3098)  (414,3125)  (192,3087)  (192,3060)  (435,3044)  (171,3141)  (171,3114)  (441,3071)  (441,3098)  (441,3125)  (165,3087)  (165,3060)  (462,3044)  (144,3141)  (144,3114)  (468,3071)  (468,3098)  (468,3125)  (138,3087)  (138,3060)  (489,3044)  (117,3141)  (117,3114)
Vicksburg  (804,1696)  (828,1678)  (831,1713)  (797,1722)  (775,1689)
Sunbury  (2581,86)  (2554,109)  (2554,82)  (2608,78)
Havre de Grace  (3405,1607)  (3378,1633)  (3423,1634)  (3422,1580)  (3432,1607)  (3449,1563)  (3376,1660)  (3459,1590)  (3459,1617)  (3349,1662)  (3430,1536)  (3457,1536)  (3476,1563)
Jackson Station  (899,1668)
Peedee  (2457,1290)  (2430,1316)  (2430,1289)  (2465,1317)  (2457,1263)  (2484,1263)  (2438,1343)  (2411,1343)  (2403,1316)  (2403,1289)  (2467,1236)  (2494,1236)  (2521,1218)  (2509,1191)
Jemez Mountains  (1403,2744)
Iowa City Station  (683,97)
Pikeville  (1535,1061)  (1508,1087)  (1508,1060)  (1537,1088)  (1535,1034)  (1562,1034)  (1530,1115)
Mississippi River Lower 7  (945,2063)  (918,2065)  (963,2093)
Mississippi River Lower 6  (750,1977)  (757,2004)  (790,2022)  (714,1935)  (821,2037)  (679,1897)  (678,1870)  (882,2056)
Glasgow  (570,491)  (543,517)  (543,490)  (596,518)  (570,464)  (597,464)  (597,491)  (541,463)  (516,517)  (516,490)  (620,545)  (593,545)  (568,437)  (595,437)  (525,436)  (613,572)  (552,410)  (579,410)
Chickamauga Station  (1586,1234)
Shippensburg  (2948,1280)  (2921,1306)  (2921,1279)  (2974,1307)  (2948,1253)  (2975,1253)  (2975,1280)  (2915,1333)  (2894,1306)  (3002,1273)
Petersburg Station  (2924,2861)
Marietta  (1876,414)  (1849,440)  (1900,441)  (1889,387)  (1903,414)  (1839,413)  (1916,374)  (1873,467)  (1846,467)  (1878,360)  (1930,401)  (1843,354)  (1905,347)  (1943,365)  (1891,494)  (1864,494)  (1870,333)  (1888,521)
Columbus Georgia Station  (1651,1540)
Chicago Station  (1114,57)
Talbot  (3531,2159)  (3504,2185)  (3504,2158)  (3557,2186)  (3557,2132)  (3558,2159)  (3502,2131)  (3530,2212)  (3503,2212)  (3477,2185)  (3476,2213)  (3525,2239)  (3450,2184)  (3538,2075)  (3515,2048)  (3542,2048)  (3569,2030)  (3503,2021)  (3530,2021)  (3557,2003)  (3506,1994)  (3533,1976)  (3560,1976)  (3491,1967)  (3518,1949)  (3545,1949)  (3491,1940)  (3518,1922)  (3545,1922)  (3482,1913)
Ravenna Station  (2000,107)
Charlottesville  (2517,2411)  (2543,2438)  (2516,2438)  (2544,2399)  (2553,2465)  (2526,2465)  (2571,2375)  (2571,2402)  (2455,2419)  (2443,2392)  (2598,2399)
Hillsboro Station  (1715,416)
Kittanning Station  (2295,114)
Front Royal  (2646,1914)  (2604,1940)  (2709,1840)  (2683,1876)
Tuskegee  (1571,1634)  (1597,1661)  (1570,1661)  (1568,1607)  (1595,1607)  (1598,1634)  (1595,1688)  (1568,1688)  (1561,1580)  (1588,1580)  (1518,1570)  (1545,1553)  (1512,1543)
Bedford  (2352,196)  (2376,223)  (2349,223)  (2379,177)  (2406,152)
Yorktown  (3345,2902)  (3318,2896)  (3371,2929)  (3316,2869)  (3394,2956)
Dahlonega  (1797,1223)  (1770,1249)  (1770,1222)  (1822,1250)  (1797,1196)  (1824,1196)  (1824,1223)  (1768,1195)  (1854,1166)
Hazelhurst  (937,1750)  (952,1777)  (964,1804)  (915,1723)
Fort Defiance  (1149,2714)  (1122,2740)  (1122,2713)  (1175,2741)  (1149,2687)  (1176,2687)  (1176,2714)  (1120,2686)  (1148,2767)  (1121,2767)  (1095,2740)  (1095,2713)  (1202,2741)  (1202,2768)  (1175,2768)  (1147,2660)  (1093,2686)  (1093,2659)  (1120,2659)  (1068,2721)  (1229,2784)  (1202,2795)  (1175,2795)  (1066,2694)  (1066,2667)  (1241,2811)  (1212,2822)  (1039,2690)  (1039,2663)  (1012,2678)
Branchville Station  (2302,1371)
La Grange Station  (1617,1466)
Naples Station  (695,377)
Pocahontas  (744,899)  (717,898)  (762,926)  (715,871)  (690,899)  (778,953)  (663,911)  (663,884)  (785,980)  (636,910)
Greensboro  (2294,922)  (2267,948)  (2267,921)  (2320,949)  (2321,912)  (2265,894)  (2332,884)  (2293,975)  (2266,975)  (2240,940)  (2328,976)  (2348,911)  (2238,913)  (2359,884)  (2338,1003)  (2311,1003)  (2326,1030)
Suffolk Station  (3287,3100)
Memphis Station  (936,1205)
Charleston  (2364,1406)  (2360,1433)  (2359,1379)  (2391,1387)
Sierra Nevada South  (501,2548)
Antietam Creek  (2859,1521)  (2850,1548)  (2881,1488)  (2890,1461)
New Bern  (2709,969)  (2669,950)  (2736,979)  (2642,948)
Centerville  (1365,1505)  (1384,1532)  (1357,1532)  (1371,1478)  (1387,1559)  (1360,1559)  (1383,1451)  (1333,1566)  (1382,1424)  (1409,1421)  (1345,1412)  (1372,1397)  (1399,1394)  (1426,1390)
Raleigh  (2442,911)  (2415,937)  (2415,910)  (2468,938)  (2442,884)  (2469,884)  (2469,911)  (2413,883)  (2388,953)  (2496,888)  (2361,961)
Harpers Ferry Station  (2784,1686)
Atlanta  (1671,1367)  (1644,1386)  (1697,1394)  (1674,1340)  (1698,1367)  (1701,1340)
Lexington  (2307,585)  (2280,611)  (2280,584)  (2333,612)  (2307,558)  (2334,584)  (2253,599)
Vincennes Station  (1217,456)
Hopkinsville  (1272,884)  (1245,910)  (1245,883)  (1298,911)  (1289,857)  (1299,884)  (1242,856)  (1316,840)  (1218,911)  (1218,884)  (1325,911)  (1325,938)  (1298,938)  (1326,867)  (1215,857)
Kittanning  (2241,116)  (2214,127)  (2214,100)  (2267,143)  (2241,89)  (2268,89)  (2240,154)  (2197,73)  (2187,113)  (2294,150)  (2267,170)  (2224,62)  (2251,62)  (2301,177)  (2160,112)
Glorietta Pass  (1515,2816)  (1488,2806)  (1541,2843)  (1514,2843)  (1515,2789)  (1542,2789)  (1542,2816)
Mine Creek  (396,863)  (369,889)  (369,862)  (422,890)  (396,836)  (423,836)  (423,863)  (367,835)  (395,916)  (368,916)  (342,889)  (342,862)  (449,890)  (449,917)  (422,917)  (341,917)  (394,809)  (421,809)  (450,831)  (450,858)  (340,835)  (344,808)  (384,943)  (315,890)  (357,944)  (330,944)  (371,782)  (398,782)
Ohio River Upper  (1616,476)  (1646,506)  (1830,511)  (1896,555)  (1925,514)  (1936,449)  (1694,516)
Frederick  (2998,1662)  (3024,1689)  (2997,1689)  (2985,1635)  (3012,1635)  (3025,1662)  (2970,1691)
Paris  (1674,648)  (1647,671)  (1647,644)  (1700,675)  (1701,648)  (1642,617)  (1673,698)  (1620,653)  (1727,675)  (1727,702)  (1700,702)  (1728,633)  (1631,590)  (1658,590)  (1754,660)  (1754,687)  (1781,692)
Danville Station  (2351,786)
Lynchburg Station  (2324,686)
Old Park  (1430,2339)  (1403,2363)  (1403,2336)  (1456,2366)  (1430,2312)  (1457,2326)  (1376,2354)  (1483,2353)  (1413,2285)  (1440,2285)  (1484,2324)  (1510,2374)  (1511,2332)
Madison  (1473,465)  (1446,491)  (1446,464)  (1499,492)  (1473,438)  (1500,438)  (1500,465)  (1444,437)  (1501,519)  (1471,411)
Dover  (2754,285)  (2759,314)  (2776,341) 
Brunswick  (2107,1765)  (2080,1791)  (2080,1764)  (2133,1792)  (2107,1738)  (2134,1738)  (2134,1765)  (2106,1818)  (2140,1819)  (2111,1711)  (2138,1711)  (2165,1716)  (2108,1845)
Mogollon  (996,2776)  (969,2802)  (969,2775)  (1022,2803)  (1003,2749)  (1023,2776)  (1030,2742)  (995,2829)  (968,2829)  (942,2802)  (942,2775)  (1049,2803)  (1049,2830)  (1022,2830)  (1050,2769)  (995,2856)  (1076,2799)  (1076,2826)  (982,2883)  (1103,2802)  (1103,2829)
Long's Peak  (1501,2278)  (1528,2280)  (1521,2308)
Houma  (843,2107)  (816,2133)  (816,2106)  (869,2134)  (843,2080)  (870,2088)  (814,2079)  (842,2160)  (815,2160)  (789,2133)  (789,2106)  (896,2115)  (896,2142)  (787,2079)  (762,2110)  (923,2095)  (923,2122)  (761,2052)  (760,2083)  (733,2067)
Charlotte  (2238,1042)  (2211,1068)  (2264,1069)  (2236,1015)  (2265,1021)  (2192,995)  (2237,1095)  (2291,1055)  (2291,1082)  (2264,1096)  (2219,988)  (2304,1109)  (2179,968)
Little Rock  (557,1290)  (530,1295)  (557,1317)  (582,1306)  (531,1268)
Charleston Station  (2328,1407)
Baltimore  (3285,1712)  (3258,1738)  (3280,1685)  (3312,1695)  (3279,1762)  (3328,1723)
Rock Island Station  (898,137)
Blackville  (2151,1376)  (2124,1400)  (2124,1373)  (2177,1403)  (2160,1349)  (2178,1376)  (2187,1341)  (2097,1376)  (2194,1430)  (2167,1430)  (2096,1349)  (2205,1368)  (2090,1322)  (2069,1350)  (2042,1343)
Arkansas River Lower  (616,1321)  (587,1258)  (603,1285)  (645,1340)  (669,1354)
Indianapolis  (1353,375)  (1326,395)  (1326,368)  (1379,402)  (1353,348)
La Grange  (1639,1496)  (1612,1501)  (1652,1456)  (1622,1437)
San Felipe  (27,2041)  (0,2067)  (0,2040)  (53,2068)  (27,2014)  (54,2014)  (54,2041)  (0,2013)  (26,2094)  (81,1996)  (81,2023)  (0,1986)  (108,1991)  (108,2018)  (0,1959)
Evansville Station  (1182,627)
Cape Henlopen  (2796,441)  (2789,468)  (2775,414)  (2802,414)  (2770,387)  (2797,387)  (3598,1898)  (3599,1925)  (3599,1952)  (3599,1979)  (3598,2029)  (3599,2056)  (3599,2083)  (3599,2110)  (3599,2137)  (3599,2164)  (3599,2191)  (3599,2218)
Marks Mill  (604,1467)  (577,1482)  (577,1455)  (617,1494)  (604,1440)
New Madrid  (920,935)  (920,962)  (948,925)  (914,903)  (889,926)  (944,953)  (892,955)
Paducah  (1046,860)  (1076,882)  (1094,912)  (1101,945)  (1052,913)
Appalachian Mountains 4  (2266,375)  (2246,403)  (2275,404)  (2245,434)  (2272,452)
Appalachian Mountains 3  (2188,632)  (2208,605)  (2198,659)  (2139,676)  (2170,679)  (2199,578)  (2196,551)  (2223,520)
Abbeville  (2024,1269)  (1997,1295)  (1997,1268)  (2041,1296)  (2024,1242)  (2051,1255)  (1995,1241)  (2008,1322)  (1970,1291)  (2078,1261)  (1968,1264)  (1968,1237)  (1943,1291)  (2105,1265)  (1941,1264)  (1941,1237)  (2115,1292)  (1916,1303)  (1914,1276)  (2142,1270)  (1889,1249)  (1887,1291)  (2169,1269)  (2174,1296)  (1862,1264)  (2201,1291)
Appalachian Mountains 2  (1966,951)  (2007,905)  (1921,957)  (1891,993)  (2082,828)
Appalachian Mountains 1  (1839,1089)  (1876,1122)  (1757,1134)  (1730,1138)  (1721,1111)  (1956,1083)
Murfreesboro Station  (1392,1094)
Dorchester  (3089,2130)  (3062,2156)  (3091,2157)  (3089,2103)  (3116,2103)  (3116,2130)  (3132,2157)  (3047,2183)  (3142,2184)  (3101,2076)  (3128,2076)  (3143,2103)  (3143,2130)  (3159,2157)  (3170,2097)  (3170,2124)  (3186,2166)
White Mountains  (1470,2447)  (1443,2473)  (1443,2446)  (1491,2474)  (1470,2420)  (1497,2420)  (1497,2447)  (1416,2495)  (1481,2501)  (1524,2409)  (1524,2436)
Columbus Station  (1795,268)
Ohio River Headwaters  (2049,313)  (1975,439)  (2059,270)  (2051,163)  (2067,222)  (1983,360)
Alton Station  (862,630)
Warsaw  (2595,1067)  (2568,1093)  (2568,1066)  (2621,1094)  (2595,1040)  (2622,1040)  (2622,1067)  (2566,1039)
Sharpsburg  (2743,1502)  (2789,1553)  (2793,1582)  (2805,1612)  (2772,1520)
Fort Payne  (1445,1304)  (1418,1330)  (1418,1303)  (1449,1331)  (1446,1277)
Crawfords Station  (1265,332)
Halifax  (2422,3075)  (2395,3101)  (2395,3074)  (2448,3102)  (2422,3048)  (2449,3048)  (2449,3075)  (2393,3047)  (2368,3114)  (2368,3087)  (2475,3102)  (2420,3021)  (2447,3021)  (2474,3021)  (2476,3048)  (2476,3075)  (2366,3060)  (2366,3033)  (2393,3020)  (2352,3006)  (2501,2996)  (2341,3114)  (2341,3087)  (2502,3102)  (2420,2994)  (2447,2994)  (2474,2994)  (2503,3023)  (2503,3050)  (2339,3060)  (2339,3033)  (2379,2993)  (2325,3006)  (2325,2979)  (2352,2979)  (2501,2969)  (2528,2969)  (2528,2996)  (2314,3114)  (2314,3087)  (2529,3077)  (2529,3104)  (2406,2967)  (2433,2967)  (2460,2967)  (2530,3023)  (2530,3050)  (2312,3060)  (2312,3033)  (2379,2966)  (2298,3006)  (2298,2979)  (2298,2952)
Sawatch Valley  (1463,2563)  (1489,2590)  (1438,2536)  (1465,2536)
Kaskaskia Station  (1006,671)
Palmyra  (2629,2516)  (2602,2542)  (2602,2515)  (2655,2543)  (2629,2489)  (2656,2489)  (2656,2516)  (2600,2488)  (2587,2569)  (2575,2542)  (2575,2515)  (2682,2543)  (2681,2570)  (2627,2462)  (2654,2462)  (2683,2481)  (2683,2508)  (2586,2461)  (2560,2573)  (2548,2546)  (2709,2535)  (2689,2597)  (2710,2504)  (2537,2519)  (2521,2561)  (2510,2534)
San Francisco  (254,2332)  (281,2337)  (252,2359)  (279,2367)  (260,2389)  (212,2320)
Bentonville  (2516,1003)  (2489,981)  (2528,1030)  (2516,976)  (2501,1041)  (2534,1057)  (2523,1084)
Zanesville  (1951,249)  (1924,247)  (1951,222)  (1978,222)  (1978,249)  (1980,276)  (2004,303)  (1977,303)  (1943,195)  (2005,199)  (2005,226)  (2007,253)  (1950,318)  (2004,330)  (1943,168)  (2032,201)  (2034,228)
Center  (1521,1340)  (1494,1366)  (1494,1339)  (1533,1367)  (1523,1313)  (1548,1340)  (1563,1312)  (1467,1386)
Gulf of California SZ  (768,3129)  (741,3141)  (741,3114)  (768,3102)  (795,3133)  (734,3087)
Spotsylvania  (2853,2315)  (2826,2327)  (2879,2342)  (2880,2303)  (2799,2328)  (2906,2348)  (2772,2325)
Piketon  (1870,725)  (1843,743)  (1843,716)  (1891,752)  (1870,698)  (1897,698)  (1897,725)  (1816,741)  (1816,714)  (1884,671)  (1924,708)  (1789,745)
Eastern Shore  (3598,2671)  (3594,2723)  (3594,2784)  (3597,2816)  (3589,2847)  (3584,2877)
Cold Harbor  (3109,2710)  (3082,2709)  (3109,2683)  (3136,2701)  (3080,2682)  (3163,2701)  (3190,2705)
Lake Ontario SZ  (1788,12)  (1761,25)  (1810,39)  (1815,0)  (1734,18)  (1842,0)  (1707,4)  (1869,0)  (1896,0)
Emmitsburg  (2991,1496)  (2964,1522)  (2964,1470)  (2967,1549)  (2970,1443)  (2954,1576)  (2975,1416)  (2943,1603)
Pilot Knob  (672,656)  (645,663)  (645,636)  (698,683)  (672,629)  (699,634)  (664,690)  (618,660)  (726,636)
Sussex  (3094,2987)  (3067,3013)  (3067,2986)  (3120,3014)  (3094,2960)  (3121,2977)  (3065,2959)  (3147,3004)  (3148,2977)  (3148,3031)  (3038,2962)  (3038,2935)  (3164,3058)  (3014,2908)  (3174,3004)  (3175,3031)  (3011,2937)  (3191,3058)  (3191,3085)  (3201,2997)  (3202,3024)  (3218,3051)  (3218,3078)
Cedar Mountain  (2588,2237)  (2561,2261)  (2561,2234)  (2612,2264)  (2615,2232)  (2557,2207)
Sabine Pass  (455,2006)  (428,2032)  (428,2005)  (481,2033)  (455,1979)  (482,1979)  (482,2006)  (426,1978)  (454,2059)  (427,2059)  (508,2033)  (505,2060)  (453,1952)  (480,1952)  (507,1952)  (509,1979)  (509,2006)  (421,1951)  (400,2076)  (536,1956)  (536,1983)  (536,2010)  (432,1924)  (563,1968)
Westport  (299,608)  (272,634)  (272,607)  (325,635)  (299,581)  (326,581)  (326,608)  (270,580)  (298,661)  (271,661)  (245,626)  (352,636)  (325,662)  (312,554)  (339,554)  (353,581)  (353,663)  (243,599)  (243,572)  (366,552)  (218,627)  (380,645)  (380,672)  (353,690)  (216,600)  (216,573)  (389,699)  (189,611)  (189,584)  (416,713)  (174,557)  (162,609)  (147,582)  (147,555)  (120,581)  (120,554)
Vermilionville  (639,1981)  (612,2007)  (612,1980)  (665,2008)  (639,1954)  (666,1954)  (666,1981)  (610,1953)  (638,2034)  (692,2008)  (692,2035)  (665,2035)  (637,1927)  (693,1965)  (583,1935)  (610,1926)  (719,1993)  (637,1900)  (595,1899)
Des Moines  (353,75)  (326,101)  (326,74)  (379,102)  (353,48)  (380,48)  (380,75)  (324,47)  (352,128)  (325,128)  (299,101)  (299,74)  (406,102)  (406,129)  (379,129)  (298,129)  (351,21)  (378,21)  (405,21)  (407,48)  (407,75)  (297,47)  (297,20)  (324,20)  (432,0)  (352,155)  (325,155)  (272,102)  (272,75)  (433,102)  (433,129)  (433,156)  (406,156)  (379,156)  (298,156)  (271,156)  (271,129)  (434,27)  (434,54)  (270,48)  (270,21)  (459,0)  (352,182)  (325,182)  (245,102)  (245,75)  (460,81)  (460,108)  (460,135)  (450,183)  (423,183)  (396,183)  (298,183)  (244,163)  (244,136)
Athens Station  (1626,1069)
Sunflower River  (816,1415)  (822,1438)  (809,1387)
Fort St Philip  (1035,2050)  (1004,2040)  (1003,2067)  (1029,2085)  (974,2059)  (995,2090)  (1057,2034)
Chambersburg Station  (2838,1336)
Rolling Fork River  (816,1487)  (838,1507)
Santa Fe  (1444,2757)  (1441,2784)  (1437,2730)  (1471,2760)
Rock Island  (838,61)  (811,87)  (811,60)  (864,88)  (838,34)  (865,34)  (865,61)  (809,33)  (837,114)  (810,114)  (784,82)  (891,88)  (878,115)  (836,7)  (863,7)  (890,7)  (892,34)  (892,61)  (782,55)  (782,28)  (809,6)  (777,1)  (917,0)  (851,141)  (918,88)  (919,27)  (919,54)  (755,64)  (755,37)  (924,115)  (750,10)  (931,154)  (945,81)  (946,54)  (728,66)  (728,39)  (951,108)  (723,12)  (958,135)  (701,68)  (701,41)  (978,94)  (696,14)  (985,121)  (669,28)  (669,1)  (642,25)  (615,26)  (588,44)  (588,17)
Kosciusko  (1012,1535)  (1015,1562)  (994,1508)  (1021,1508)  (988,1569)  (1015,1589)  (993,1481)  (1020,1481)  (1016,1616)
Columbus Kentucky  (1030,970)  (1024,939)  (1060,955)  (1048,991)  (1022,997)  (998,967)
Starkville  (1689,1743)  (1662,1769)  (1662,1742)  (1714,1770)  (1689,1716)  (1716,1716)  (1716,1743)  (1660,1715)  (1687,1796)  (1660,1796)  (1687,1689)  (1714,1689)  (1633,1696)  (1660,1688)  (1629,1669)  (1685,1823)  (1687,1662)  (1656,1661)
Columbus Georgia  (1702,1583)  (1675,1609)  (1675,1582)  (1728,1610)  (1702,1556)  (1729,1556)  (1729,1583)  (1648,1588)  (1744,1637)  (1687,1529)  (1714,1529)  (1741,1529)  (1756,1556)  (1621,1543)  (1750,1664)  (1762,1691)
Fort Macon  (2685,1032)  (2658,1035)  (2658,1008)  (2685,1005)  (2712,1032)  (2662,1062)  (2653,981)
Gainesville  (2151,1992)  (2124,2018)  (2124,1991)  (2177,2019)  (2151,1965)  (2178,1965)  (2178,1992)  (2122,1964)  (2150,2045)  (2123,2045)  (2197,2046)  (2149,1938)  (2176,1938)  (2095,1961)  (2122,1937)  (2092,1934)  (2170,2072)  (2143,2072)  (2197,2073)  (2149,1911)  (2176,1911)  (2119,1910)  (2090,1907)  (2170,2099)  (2197,2100)  (2146,1884)  (2117,1883)  (2170,2126)  (2197,2127)  (2197,2154)  (2197,2181)  (2197,2235)
Outer Bank North  (2904,884)  (2848,795)  (2905,940)  (2882,848)
Ogeechee Station  (2081,1513)
Atlanta Station  (1637,1350)
Fredericksburg  (2986,2343)  (2959,2354)  (3012,2370)  (3013,2343)  (2985,2381)  (3039,2370)  (3039,2397)  (3012,2397)  (2930,2296)  (2985,2408)  (3066,2372)  (3071,2399)
Augusta Station  (1923,1336)
Port Hudson  (816,1946)  (789,1972)  (789,1945)  (842,1973)  (820,1919)  (843,1946)  (847,1915)  (762,1929)  (853,2000)  (870,1942)  (870,1969)  (829,1888)  (874,1907)
Yellow Bayou  (474,1844)  (447,1870)  (447,1843)  (500,1871)  (474,1817)  (501,1828)  (445,1816)  (473,1897)  (527,1855)  (527,1882)  (500,1898)  (418,1832)  (418,1805)  (445,1789)  (538,1909)  (407,1778)  (554,1850)  (554,1877)  (434,1762)  (393,1751)
Greenwood  (916,1532)  (942,1559)  (915,1559)  (892,1505)  (919,1505)  (943,1532)  (947,1586)  (920,1586)
Mobile Bay SZ  (1230,2017)  (1203,2043)  (1203,2016)  (1256,2044)  (1257,2010)  (1229,1974)  (1176,2034)  (1176,2007)  (1283,2037)  (1284,2005)  (1231,1947)  (1311,1996)
College Hill  (954,1265)  (927,1291)  (927,1264)  (972,1292)  (959,1238)  (981,1265)  (986,1233)  (945,1318)  (918,1318)  (1008,1260)  (891,1331)
Wilmington Station  (2561,1160)
Barboursville  (1934,587)  (1907,613)  (1954,614)  (1941,560)  (1961,587)  (1968,553)  (1927,640)  (1955,641)  (1995,570)  (1953,668)  (2041,595)
Fort Worth  (2103,3094)  (2076,3113)  (2076,3086)  (2103,3067)  (2130,3067)  (2130,3094)  (2067,3059)  (2049,3113)  (2049,3086)  (2094,3040)  (2121,3040)  (2148,3040)  (2157,3067)  (2157,3094)  (2033,3140)  (2022,3113)  (2022,3086)  (2084,3013)  (2111,3013)  (2138,3013)  (2006,3141)  (1995,3114)  (1995,3087)  (1995,3060)  (2094,2986)  (2121,2986)  (2148,2986)  (1968,3122)  (1968,3095)  (1941,3091)
Philadelphia  (2782,149)  (2755,166)  (2808,176)  (2784,122)  (2809,149)  (2811,120)
Stockton  (369,2362)  (342,2372)  (342,2345)  (395,2389)  (369,2335)  (396,2335)  (396,2362)  (368,2399)  (315,2360)  (422,2389)  (423,2344)
Talladega Station  (1476,1550)
Brevard  (2052,1091)  (2025,1097)  (2025,1070)  (2078,1118)  (2052,1064)  (2120,1148)
Blountsville  (1342,1319)  (1315,1339)  (1315,1312)  (1368,1346)  (1342,1292)  (1369,1292)  (1369,1319)  (1341,1366)  (1324,1265)
Newton Station  (1142,560)
Summerville  (2302,1227)  (2275,1216)  (2328,1254)  (2301,1254)  (2302,1200)  (2329,1200)  (2329,1227)  (2266,1189)  (2326,1281)  (2299,1281)  (2293,1173)  (2320,1173)  (2347,1173)  (2239,1170)  (2266,1162)  (2324,1308)  (2297,1308)  (2322,1146)  (2218,1143)  (2323,1335)
Humboldt Range  (759,2324)
Ellicotts Mills  (3168,1733)  (3141,1759)  (3141,1732)  (3194,1760)  (3168,1706)  (3195,1706)  (3195,1733)  (3139,1705)  (3167,1786)  (3221,1760)  (3221,1787)  (3194,1787)  (3166,1679)  (3193,1679)  (3112,1730)  (3112,1703)  (3139,1678)  (3110,1676)  (3248,1786)  (3218,1814)  (3085,1715)  (3083,1688)
Cairo Station  (995,757)
Elizabeth City  (2711,789)  (2684,815)  (2684,788)  (2729,816)  (2738,780)  (2686,842)  (2657,821)  (2657,794)  (2765,776)
Clarkesville  (1237,1721)  (1245,1748)  (1225,1694)  (1252,1694)
Carrollton  (1564,1414)  (1537,1440)  (1581,1441)  (1563,1387)  (1590,1387)  (1591,1414)  (1554,1467)  (1581,1468)  (1587,1360)  (1580,1495)  (1581,1522)
Booneville  (383,1230)  (356,1256)  (356,1229)  (409,1257)  (383,1203)  (410,1203)  (410,1230)  (354,1202)  (365,1283)  (329,1274)  (329,1247)  (436,1257)  (437,1214)  (327,1220)  (302,1261)  (463,1241)  (463,1268)  (300,1234)  (300,1207)  (489,1295)  (490,1227)  (490,1254)  (273,1243)  (273,1216)  (517,1229)  (246,1238)
New York Station  (2863,15)
North Fork  (2525,1946)  (2498,1965)  (2549,1919)  (2576,1903)
Port Hudson Station  (791,1894)
Tennessee River Lower  (1150,1010)  (1161,1040)  (1159,1077)  (1166,1107)  (1135,1140)
Omaha City  (77,168)  (50,194)  (50,167)  (103,195)  (77,141)  (104,141)  (104,168)  (48,140)  (76,221)  (49,221)  (23,194)  (23,167)  (130,195)  (130,222)  (103,222)  (22,222)  (75,114)  (102,114)  (129,114)  (131,141)  (131,168)  (21,140)  (21,113)  (48,113)  (156,114)  (76,248)  (49,248)  (157,195)  (157,222)  (157,249)  (130,249)  (103,249)  (22,249)  (75,87)  (102,87)  (158,141)  (158,168)  (0,86)  (27,86)  (76,275)  (49,275)  (184,195)  (184,222)  (184,249)  (184,276)  (157,276)  (130,276)  (103,276)  (22,276)  (54,60)  (81,60)  (185,128)  (185,155)
Tuscon  (1015,3010)  (1018,3040)  (1006,3067)  (1046,3032)  (1051,3059)  (986,3029)
Lovingston  (2266,2605)  (2292,2632)  (2265,2632)  (2252,2578)  (2279,2578)  (2293,2605)  (2306,2565)  (2319,2632)  (2316,2659)  (2289,2659)  (2262,2659)  (2252,2551)  (2279,2551)  (2320,2592)  (2306,2538)  (2284,2686)  (2257,2686)  (2252,2524)  (2279,2524)  (2347,2574)  (2347,2601)  (2252,2497)  (2279,2497)  (2268,2470)
Tappahannock  (3117,2482)  (3090,2508)  (3090,2481)  (3143,2509)  (3117,2455)  (3144,2456)  (3088,2454)  (3116,2535)  (3170,2483)  (3170,2510)  (3143,2536)  (3115,2428)  (3142,2428)  (3061,2472)  (3061,2445)  (3197,2502)  (3165,2563)  (3138,2563)  (3115,2401)  (3034,2468)  (3007,2459)
Newton  (1113,566)  (1086,572)  (1086,545)  (1139,593)  (1072,518)  (1123,620)
Jackson  (921,1643)  (950,1651)  (949,1679)  (920,1693)
Fort Pemberton  (848,1442)  (842,1410)  (853,1470)
Yazoo River Lower  (818,1607)
Champaign  (1106,449)  (1079,475)  (1079,448)  (1132,476)  (1133,436)  (1077,421)  (1104,421)  (1052,458)  (1147,503)  (1120,503)  (1160,422)  (1058,394)  (1085,394)  (1167,395)  (1171,530)
Knoxville  (1621,977)  (1594,1003)  (1594,976)  (1646,950)  (1567,982)
Ohio River Middle  (1508,542)  (1543,472)  (1465,572)  (1561,531)
Jonesboro  (1914,896)  (1887,921)  (1887,894)  (1925,923)  (1914,869)  (1884,867)  (1952,902)  (1880,948)  (1857,866)  (1884,840)
Fort Union  (1680,2780)  (1653,2806)  (1653,2779)  (1706,2807)  (1680,2753)  (1707,2753)  (1707,2780)  (1651,2752)  (1679,2833)  (1652,2833)  (1626,2806)  (1626,2779)  (1733,2807)  (1733,2834)  (1706,2834)  (1625,2834)  (1678,2726)  (1705,2726)  (1732,2726)  (1734,2753)  (1734,2780)  (1624,2752)  (1624,2725)  (1651,2725)  (1679,2860)  (1652,2860)  (1599,2807)  (1599,2780)  (1760,2807)  (1760,2834)  (1760,2861)  (1733,2861)  (1706,2861)  (1625,2861)  (1598,2861)  (1598,2834)  (1678,2699)  (1705,2699)  (1732,2699)  (1597,2753)  (1597,2726)  (1626,2698)  (1679,2887)  (1652,2887)  (1787,2820)  (1787,2847)  (1787,2874)  (1760,2888)  (1733,2888)  (1706,2888)  (1625,2888)  (1598,2888)
Yazoo Pass  (834,1358)  (832,1328)  (842,1298)  (861,1274)
Council City  (94,788)  (67,814)  (67,787)  (120,815)  (94,761)  (121,761)  (121,788)  (65,760)  (93,841)  (66,841)  (40,814)  (40,787)  (147,815)  (147,842)  (120,842)  (39,842)  (92,734)  (119,734)  (146,734)  (148,761)  (148,788)  (38,760)  (38,733)  (65,733)  (173,709)  (93,868)  (66,868)  (13,815)  (13,788)  (174,815)  (174,842)  (174,869)  (147,869)  (120,869)  (39,869)  (12,869)  (12,842)  (92,707)  (119,707)  (146,707)  (175,736)  (175,763)  (11,761)  (11,734)  (11,707)  (38,706)  (65,706)  (173,682)  (200,682)  (200,709)  (93,895)  (66,895)
Wooster  (1848,124)  (1821,140)  (1821,113)  (1848,97)  (1875,102)  (1875,129)  (1879,156)  (1809,86)  (1794,145)  (1794,118)  (1839,70)  (1902,112)  (1906,139)  (1906,166)  (1879,183)  (1827,189)  (1782,91)  (1876,210)  (1849,216)  (1843,243)
San Joaquin Valley  (371,2480)  (344,2470)  (397,2507)  (370,2507)  (371,2453)  (398,2453)  (398,2480)  (322,2429)  (424,2507)  (396,2534)  (425,2446)  (425,2473)  (452,2457)  (452,2484)
Manzano Mountains  (1408,2876)
Lewistown  (2503,66)  (2476,76)  (2441,103)  (2470,117)
Sierra Nevada North  (460,2383)
Newbern Station  (2219,696)
Caledonia  (730,750)  (703,776)  (703,749)  (756,777)  (730,723)  (757,723)  (757,750)  (701,722)  (676,791)  (676,764)  (783,777)  (784,747)  (674,737)  (649,794)
Ohio City  (939,872)  (912,876)  (966,877)  (977,904)  (890,849)  (885,877)  (863,850)
Dayton  (1631,325)  (1604,351)  (1604,324)  (1657,352)  (1631,298)  (1577,337)  (1684,349)  (1656,379)  (1608,271)  (1635,271)  (1711,337)  (1711,364)  (1738,353)
Fayette  (1217,1417)  (1190,1443)  (1190,1416)  (1243,1444)  (1217,1390)  (1244,1390)  (1244,1417)  (1188,1389)  (1216,1470)  (1189,1470)  (1163,1443)  (1163,1416)  (1215,1363)  (1242,1363)  (1271,1366)  (1271,1393)  (1271,1420)  (1164,1362)  (1229,1497)  (1202,1497)  (1191,1336)  (1218,1336)  (1245,1336)  (1298,1385)  (1164,1335)  (1215,1524)  (1212,1551)
Marion  (872,1086)  (879,1059)  (847,1126)  (888,1032)  (844,1153)  (910,1005)  (838,1180)
Red River Lower  (452,1730)  (395,1640)  (417,1677)  (483,1772)  (503,1800)  (546,1815)  (603,1853)
New York  (2898,27)  (2871,53)  (2924,54)  (2893,0)  (2925,6)
Keaton Station  (1662,134)
Warren  (2084,10)  (2057,36)  (2057,9)  (2110,37)  (2111,0)  (2083,63)  (2030,47)  (2030,20)  (2137,27)  (2137,54)  (2110,64)  (2138,0)  (2003,47)  (2003,20)  (2164,27)  (2165,0)  (2192,0)  (2219,0)  (2246,0)
Hawkinsville  (1839,1635)  (1812,1661)  (1812,1634)  (1865,1662)  (1810,1607)  (1838,1688)  (1811,1688)  (1785,1640)  (1892,1664)  (1783,1613)  (1792,1580)  (1819,1580)  (1889,1691)  (1798,1553)
Philadelphia Station  (2749,126)
Martinsburg  (2655,1590)  (2628,1616)  (2628,1589)  (2681,1617)  (2655,1563)  (2682,1563)  (2682,1590)  (2626,1562)  (2654,1643)  (2627,1643)  (2601,1616)  (2601,1589)  (2708,1617)  (2708,1644)  (2681,1644)  (2600,1644)  (2653,1536)  (2709,1562)  (2709,1589)  (2599,1562)  (2608,1535)  (2654,1670)  (2627,1670)  (2574,1617)  (2574,1590)  (2735,1616)  (2600,1671)  (2573,1671)  (2573,1644)  (2736,1562)  (2736,1589)  (2678,1697)  (2651,1697)  (2547,1617)  (2624,1698)  (2597,1698)  (2570,1698)  (2546,1671)  (2546,1644)  (2633,1725)  (2606,1725)  (2579,1725)  (2519,1658)  (2519,1631)
Iowa City  (636,147)  (609,173)  (609,146)  (662,174)  (636,120)  (663,122)  (607,119)  (635,200)  (608,200)  (582,173)  (582,146)  (689,149)  (689,176)  (662,201)  (581,201)  (634,93)  (580,119)  (582,92)  (661,79)  (710,122)  (635,227)  (555,174)  (555,147)  (716,149)  (679,228)  (623,66)  (553,120)  (737,101)  (652,254)  (528,167)  (743,128)  (743,155)
Ridgeway  (2537,831)  (2510,857)  (2510,830)  (2563,858)  (2558,804)  (2564,831)  (2483,839)  (2590,858)  (2561,885)  (2456,830)  (2617,839)
Warsaw Station  (2590,997)
Champaign Station  (1130,399)
Corinth Station  (1109,1244)
Suffolk  (3345,3113)  (3360,3086)  (3372,3113)  (3387,3069)  (3399,3096)  (3255,3114)
Bolivar  (789,1044)  (762,1070)  (762,1043)  (815,1071)  (789,1017)  (816,1017)  (816,1044)  (788,1097)  (761,1097)  (819,1098)  (734,1098)  (838,990)  (843,1017)  (843,1044)  (865,971)  (792,1124)  (765,1124)  (738,1125)  (870,998)
Cleveland  (1921,45)  (1894,47)  (1943,72)  (1930,18)  (1948,45)
San Francisco Bay SZ  (147,2347)  (120,2373)  (120,2346)  (173,2374)  (147,2320)  (174,2331)  (118,2319)  (146,2400)  (119,2400)  (189,2401)  (145,2293)  (106,2292)
Toledo  (1600,44)  (1573,70)  (1573,43)  (1626,71)  (1600,17)  (1571,16)  (1627,2)  (1581,97)  (1554,97)  (1546,70)  (1546,43)  (1653,56)  (1653,83)  (1544,16)  (1527,116)  (1519,89)  (1519,62)  (1680,41)  (1680,68)  (1517,35)  (1517,8)  (1500,120)  (1492,93)  (1492,66)  (1707,48)  (1490,39)  (1490,12)  (1465,87)
Chicago  (1090,76)  (1080,49)  (1120,89)  (1099,22)
Hanover Junction Station  (2914,2509)
Corinth  (1071,1164)  (1044,1190)  (1044,1163)  (1091,1191)  (1071,1137)  (1044,1136)  (1098,1131)  (1064,1217)  (1092,1218)  (1071,1110)  (1044,1109)  (1098,1104)  (1125,1104)  (1045,1082)
City Point  (3082,2873)  (3055,2876)  (3055,2849)  (3108,2900)  (3081,2903)  (3028,2858)  (3135,2890)  (3135,2917)  (3146,2944)  (3162,2890)  (3189,2889)
Yazoo River Upper  (857,1493)  (881,1462)  (862,1524)  (867,1550)
Tallahatchie River  (861,1345)  (868,1302)  (889,1259)  (866,1382)
Emporia  (2935,3086)  (2908,3112)  (2908,3085)  (2961,3113)  (2935,3059)  (2962,3059)  (2962,3086)  (2906,3058)  (2881,3114)  (2881,3087)  (2988,3113)  (2933,3032)  (2960,3032)  (2987,3032)  (2989,3059)  (2989,3086)  (2879,3060)  (2896,3031)  (3014,3007)  (2854,3114)  (2854,3087)  (3015,3113)  (2923,3005)  (2950,3005)  (2977,3005)  (3016,3034)  (3016,3061)  (3004,2980)  (2827,3114)  (3042,3088)  (2912,2978)  (2939,2978)  (2966,2978)  (3069,3070)  (3069,3097)  (2917,2951)  (2944,2951)  (2971,2951)  (3096,3059)  (3096,3086)  (3096,3113)  (2924,2924)  (2951,2924)  (3123,3061)  (3123,3088)  (3150,3103)
Strasburg Station  (2529,1869)
Norfolk  (3486,3114)  (3513,3104)  (3501,3077)  (3540,3081)  (3540,3108)  (3462,3054)  (3562,3054)  (3567,3081)  (3567,3108)
Winchester  (2631,1822)  (2604,1848)  (2604,1821)  (2657,1849)  (2631,1795)  (2658,1795)  (2658,1822)  (2602,1794)  (2630,1875)  (2603,1875)  (2577,1848)  (2629,1768)  (2656,1768)  (2683,1768)  (2685,1795)  (2685,1822)  (2598,1767)  (2712,1779)  (2712,1806)  (2739,1779)
Orange  (2661,2298)  (2634,2309)  (2665,2325)  (2667,2271)
Andersen  (1471,321)  (1444,347)  (1444,320)  (1497,348)  (1471,294)  (1498,294)  (1442,293)  (1470,374)  (1417,329)  (1524,357)  (1497,375)  (1507,267)  (1415,302)  (1531,384)  (1534,267)  (1537,294)  (1561,267)
Kingston  (1685,1273)  (1704,1300)  (1712,1247)  (1629,1310)
Falmouth  (2936,2222)  (2909,2234)  (2909,2207)  (2962,2249)  (2936,2195)  (2963,2211)  (2893,2180)  (2882,2223)  (2989,2262)  (2866,2196)  (3016,2263)  (2839,2182)
Asheville  (1964,1018)  (1937,1044)  (1937,1017)  (1991,1010)  (1991,1037)  (1925,1071)  (1910,1044)  (2018,1005)  (1898,1083)
Wheeling  (2121,281)  (2094,307)  (2094,280)  (2147,308)  (2121,254)  (2148,279)  (2092,253)  (2174,310)  (2094,226)  (2176,337)  (2203,331)  (2199,364)  (2172,364)  (2092,191)
Archedelphia  (442,1363)  (415,1379)  (415,1352)  (468,1390)  (442,1336)  (469,1336)  (469,1363)  (403,1325)
Fort Henry-Donelson  (1190,949)  (1166,975)  (1222,969)  (1218,1002)  (1183,1005)  (1195,978)
Houston  (110,2085)  (115,2112)  (110,2058)  (137,2081)
Great Basin  (837,2363)  (810,2389)  (810,2362)  (863,2390)  (837,2336)  (864,2336)  (864,2363)  (808,2335)  (836,2416)  (809,2416)  (783,2389)  (783,2362)  (890,2390)  (890,2417)  (863,2417)  (782,2417)  (835,2309)  (862,2309)  (889,2309)  (891,2336)  (891,2363)  (916,2284)  (836,2443)  (809,2443)  (756,2390)  (756,2363)  (917,2397)  (917,2424)  (890,2444)  (863,2444)  (782,2444)  (755,2439)  (826,2282)  (853,2282)  (880,2282)  (918,2311)  (918,2338)  (924,2451)  (943,2268)  (836,2470)  (809,2470)  (729,2412)  (729,2385)  (897,2471)  (870,2471)  (945,2295)  (945,2322)  (951,2446)  (926,2478)  (720,2358)  (970,2268)
Frankfort  (1564,597)  (1541,570)  (1568,570)  (1583,624)  (1556,624)  (1537,597)  (1595,560)  (1622,540)  (1510,587)  (1589,533)  (1586,506)
Greenville  (1989,1167)  (1962,1190)  (1962,1163)  (2015,1194)  (1989,1140)  (2016,1140)  (2016,1167)  (1935,1190)  (1935,1163)  (2042,1194)  (1980,1113)  (2043,1149)  (2058,1221)  (1908,1204)  (1908,1177)  (1908,1150)  (2069,1176)  (2085,1203)  (2090,1230)  (1881,1198)
Millikens Bend  (764,1544)  (766,1576)  (765,1513)  (769,1606)
Mobile Station  (1159,1871)
Cumberland River Lower  (1151,866)  (1181,925)  (1162,895)  (1126,831)
Carroll  (3092,1560)  (3065,1586)  (3065,1559)  (3118,1587)  (3092,1533)  (3119,1533)  (3119,1560)  (3063,1532)  (3091,1613)  (3064,1613)  (3038,1586)  (3038,1559)  (3145,1587)  (3145,1614)  (3118,1614)  (3090,1506)  (3117,1506)  (3146,1521)  (3146,1548)  (3036,1532)  (3038,1505)  (3011,1601)  (3011,1574)  (3172,1575)  (3172,1602)  (3172,1629)  (3065,1479)  (3092,1479)  (3119,1479)  (3173,1524)  (3199,1551)  (3199,1603)
Fort Pillow  (975,1073)  (948,1099)  (1001,1100)  (976,1046)  (1002,1073)  (1003,1045)  (999,1127)  (984,1018)
Fort Leavenworth  (131,437)  (104,463)  (104,436)  (157,464)  (131,410)  (158,410)  (158,437)  (102,409)  (130,490)  (103,490)  (77,463)  (77,436)  (184,464)  (184,491)  (76,491)  (129,383)  (156,383)  (183,383)  (185,410)  (185,437)  (75,409)  (75,382)  (102,382)  (210,358)  (50,464)  (50,437)  (211,464)  (211,491)  (211,518)  (184,518)  (96,518)  (49,500)  (131,356)  (158,356)  (212,385)  (212,412)  (48,410)  (48,383)  (185,331)  (212,331)  (237,358)  (23,473)  (23,446)  (238,439)  (238,466)  (238,493)  (238,520)  (22,509)  (239,329)  (239,385)  (239,412)
Marietta Station  (1853,381)
Nottoway Station  (2550,2828)
Ravenna  (2023,133)  (1996,141)  (2033,104)  (2024,160)  (1970,114)  (1997,168)  (2060,108)  (2097,104)
Camden  (480,1486)  (453,1512)  (453,1485)  (502,1513)  (480,1459)  (507,1461)  (451,1458)  (424,1460)  (424,1433)
Los Angeles  (447,2732)  (420,2738)  (466,2759)  (431,2705)  (458,2705)  (474,2732)  (439,2765)  (393,2730)
San Miguel  (289,2564)  (262,2553)  (315,2591)  (288,2591)  (289,2537)  (250,2526)  (324,2618)  (297,2618)  (277,2510)  (233,2499)  (317,2645)  (290,2645)  (247,2472)  (303,2672)
San Diego  (606,2834)  (579,2860)  (579,2833)  (632,2861)  (606,2807)  (633,2807)  (633,2834)  (577,2806)  (605,2887)  (578,2887)  (552,2860)  (552,2833)  (659,2861)  (659,2888)  (632,2888)  (551,2888)  (604,2780)  (631,2780)  (658,2780)  (660,2807)  (660,2834)  (550,2806)  (550,2779)  (577,2779)  (685,2755)  (605,2914)  (578,2914)  (525,2861)  (525,2834)  (686,2861)  (686,2888)  (686,2915)  (659,2915)  (632,2915)  (551,2915)  (524,2895)  (604,2753)  (631,2753)  (658,2753)  (687,2782)  (687,2809)  (523,2807)  (523,2780)  (570,2752)  (712,2744)  (713,2836)  (713,2863)  (714,2771)  (714,2798)  (496,2812)  (496,2785)
Mechanicsville Station  (2907,2557)
Sangre de Cristo Mountains  (1535,2700)  (1534,2609)
Tennessee River Headwaters  (1601,1052)  (1562,1113)  (1583,1082)  (1626,1020)  (1669,997)  (1701,966)
New Market  (2334,2119)  (2307,2099)  (2349,2146)  (2322,2146)
Chester Station  (2154,1089)
Harrisonburg  (599,1751)  (572,1777)  (572,1750)  (625,1778)  (599,1724)  (626,1726)  (570,1723)  (545,1775)  (652,1760)  (652,1787)  (625,1805)  (597,1697)  (543,1719)
Laurel  (3168,1838)  (3141,1864)  (3141,1837)  (3194,1865)  (3132,1810)  (3202,1892)
Chambersburg  (2860,1365)  (2833,1379)  (2883,1392)  (2856,1406)  (2811,1352)  (2931,1377)
Mill Springs  (1573,883)  (1546,909)  (1546,882)  (1600,865)  (1627,844)  (1627,871)
Newport  (3260,3003)  (3286,3030)  (3259,3030)  (3237,2976)  (3264,2976)  (3210,2964)  (3313,3009)  (3313,3036)  (3286,3057)  (3237,2949)  (3201,2937)  (3228,2922)  (3255,2922)
Buckingham  (2496,2665)  (2469,2691)  (2469,2664)  (2522,2692)  (2496,2638)  (2523,2638)  (2523,2665)  (2467,2637)  (2495,2718)  (2468,2718)  (2442,2691)  (2442,2664)  (2549,2692)  (2549,2719)  (2522,2719)  (2441,2719)  (2494,2611)  (2521,2611)  (2548,2611)  (2550,2638)  (2550,2665)  (2440,2637)  (2440,2610)  (2467,2610)  (2495,2745)  (2468,2745)  (2415,2692)  (2415,2665)  (2576,2692)  (2576,2719)  (2576,2746)  (2549,2746)  (2522,2746)  (2441,2746)  (2414,2746)  (2414,2719)  (2577,2619)  (2577,2646)  (2413,2638)  (2440,2583)  (2467,2583)  (2495,2772)  (2468,2772)  (2388,2692)  (2388,2665)  (2603,2673)  (2603,2700)  (2567,2773)  (2540,2773)  (2387,2762)  (2387,2735)
Vincennes  (1208,504)  (1219,531)  (1182,477)  (1207,567)  (1199,434)  (1226,428)  (1203,401)
Northumberland  (3315,2474)  (3288,2500)  (3288,2473)  (3341,2501)  (3286,2446)  (3314,2527)  (3368,2478)  (3368,2520)  (3341,2528)  (3268,2419)  (3387,2547)  (3360,2555)  (3333,2555)  (3270,2392)  (3397,2574)  (3394,2601)
Pamlico Sound SZ  (2805,967)  (2832,966)  (2859,946)  (2867,919)
Trenton  (2802,50)  (2775,76)  (2775,49)  (2828,77)  (2802,23)  (2829,23)  (2829,50)  (2773,22)  (2748,77)  (2855,94)
Red River Upper  (237,1433)  (8,1429)  (71,1405)  (152,1414)  (196,1422)  (272,1456)  (313,1466)  (363,1464)  (403,1493)  (374,1554)
Savannah  (2208,1585)  (2181,1597)  (2216,1558)  (2235,1585)  (2243,1558)
Middle Chesapeake Bay SZ  (3525,2423)  (3498,2449)  (3498,2422)  (3551,2450)  (3525,2396)  (3552,2396)  (3552,2423)  (3496,2395)  (3524,2476)  (3497,2476)  (3471,2449)  (3471,2422)  (3578,2450)  (3578,2477)  (3551,2477)  (3470,2477)  (3523,2369)  (3550,2369)  (3577,2369)  (3579,2396)  (3579,2423)  (3469,2395)  (3469,2368)  (3496,2368)  (3524,2503)  (3497,2503)  (3444,2450)  (3444,2423)  (3599,2504)  (3572,2504)  (3523,2342)  (3550,2342)  (3577,2342)  (3442,2396)  (3442,2369)  (3442,2342)  (3469,2341)  (3496,2341)  (3470,2520)  (3545,2530)  (3518,2530)  (3599,2531)  (3572,2531)  (3420,2315)  (3523,2315)  (3561,2315)  (3588,2315)  (3447,2314)  (3474,2314)  (3491,2547)  (3464,2547)
Memphis  (930,1175)  (908,1202)  (923,1148)  (950,1148)  (957,1175)
Hot Springs  (519,1374)  (526,1401)  (544,1428)  (517,1344)
Middlesex  (3279,2666)  (3252,2691)  (3252,2664)  (3305,2693)  (3279,2639)  (3306,2656)  (3249,2637)  (3278,2718)  (3332,2705)  (3305,2720)  (3276,2612)  (3222,2635)  (3249,2610)  (3220,2608)  (3344,2732)  (3317,2747)  (3247,2583)  (3193,2609)  (3203,2581)  (3337,2774)  (3390,2718)  (3349,2801)  (3440,2751)
Paraclifta  (361,1386)  (334,1412)  (334,1385)  (380,1413)  (332,1358)  (307,1401)  (329,1331)
James SZ  (3147,2848)  (3209,2863)  (3356,2986)  (3288,2887)  (3298,2951)
Lebanon Station  (2015,785)
Maryville Station  (1805,935)
Fredericksburg Station  (2954,2310)
Baltimore Station  (3251,1701)
Mexico  (904,3129)  (877,3141)  (877,3114)  (931,3119)  (861,3087)  (850,3141)  (850,3114)  (958,3134)  (834,3087)  (828,3060)  (801,3072)  (801,3045)  (774,3045)  (753,3018)  (726,3026)
Murfreesboro  (1416,1072)  (1389,1064)  (1430,1099)  (1443,1054)  (1404,1037)  (1457,1081)  (1405,1128)
Sentinella  (1491,3130)  (1464,3141)  (1491,3103)  (1518,3103)  (1518,3130)  (1444,3114)  (1437,3141)  (1509,3076)  (1536,3076)  (1545,3103)  (1545,3130)  (1417,3114)  (1410,3141)  (1542,3049)
Berkley Springs  (2285,287)  (2350,286)  (2295,320)  (2328,324)  (2306,364)
El Llano Estacado  (1705,3082)  (1678,3108)  (1678,3081)  (1731,3109)  (1705,3055)  (1732,3055)  (1732,3082)  (1676,3054)  (1704,3135)  (1677,3135)  (1651,3108)  (1651,3081)  (1758,3109)  (1758,3136)  (1731,3136)  (1650,3136)  (1703,3028)  (1730,3028)  (1757,3028)  (1759,3055)  (1759,3082)  (1649,3054)  (1649,3027)  (1676,3027)  (1624,3109)  (1624,3082)  (1785,3109)  (1785,3136)  (1623,3141)  (1786,3036)  (1786,3063)  (1622,3055)  (1622,3028)  (1622,3001)  (1649,3000)  (1597,3114)  (1597,3087)  (1812,3090)  (1812,3117)  (1605,2974)  (1813,3045)  (1595,3060)  (1595,3033)  (1632,2973)  (1659,2973)  (1839,3072)  (1839,3099)  (1839,3126)  (1840,3041)  (1866,3079)  (1866,3106)  (1866,3133)
Pine Bluff  (591,1376)  (564,1386)  (564,1359)  (591,1349)
Robertsons River  (2496,2312)  (2469,2338)  (2469,2311)  (2522,2339)  (2496,2285)  (2523,2285)  (2523,2312)  (2442,2350)  (2442,2323)  (2549,2339)  (2527,2366)  (2511,2258)  (2550,2293)  (2415,2352)  (2415,2310)
South Jersey  (2835,209)  (2808,235)  (2861,236)  (2853,182)  (2862,209)  (2880,164)  (2834,262)  (2781,227)  (2857,137)  (2884,137)  (2888,110)
Wilmington  (2580,1187)  (2615,1147)  (2582,1125)  (2585,1156)
Fort Mann  (1912,2465)  (1885,2491)  (1885,2464)  (1938,2492)  (1912,2438)  (1939,2438)  (1939,2465)  (1883,2437)  (1911,2518)  (1884,2518)  (1858,2491)  (1858,2464)  (1965,2492)  (1965,2519)  (1938,2519)  (1857,2519)  (1910,2411)  (1937,2411)  (1964,2411)  (1966,2438)  (1966,2465)  (1856,2437)  (1856,2410)  (1883,2410)  (1991,2386)  (1911,2545)  (1884,2545)  (1831,2492)  (1831,2465)  (1992,2492)  (1992,2519)  (1992,2546)  (1965,2546)  (1938,2546)  (1857,2546)  (1830,2545)  (1910,2384)  (1937,2384)  (1964,2384)  (1993,2413)  (1993,2440)  (1829,2438)  (1829,2411)  (1832,2383)  (1859,2383)  (2018,2382)  (1804,2518)  (1804,2491)  (2019,2467)  (2019,2494)  (1993,2573)  (1966,2573)  (1939,2573)
Lebanon  (1983,808)  (1956,834)  (1956,807)  (2009,835)  (1983,781)  (1954,780)  (1929,807)  (2036,816)  (1981,754)  (1927,780)  (1937,753)  (2008,751)  (2060,789)  (2087,782)
Richmond Station  (2895,2658)
Outer Bank South  (2810,1034)  (2791,1065)  (2828,1005)
Milford Station  (2940,2446)  (2913,2463)  (2913,2436)  (2966,2473)  (2940,2419)  (2908,2409)  (2993,2498)  (2966,2500)  (2935,2392)  (3018,2525)  (2991,2527)  (3045,2517)  (3045,2544)  (3018,2552)
Alexandria  (3030,2001)  (3003,2027)  (3003,2000)  (3043,2028)  (3057,1977)  (3070,2004)  (3059,1950)  (2976,2008)
Tallahassee  (1855,1875)  (1877,1851)  (1883,1878)  (1910,1879)  (1896,1906)  (1866,1906)
Columbus  (1776,299)  (1764,272)  (1803,306)  (1749,308)  (1776,326)  (1805,333)  (1771,245)  (1830,286)  (1722,308)  (1778,353)  (1809,360)  (1798,226)  (1763,218)  (1857,273)  (1782,380)  (1771,191)  (1884,267)
Columbia Station  (2171,1187)
Albemarle Sound SZ  (2878,873)  (2846,829)  (2808,822)  (2755,845)
Westmoreland  (3138,2341)  (3111,2321)  (3165,2346)  (3175,2373)  (3090,2294)  (3196,2400)  (3202,2353)  (3074,2267)  (3223,2390)  (3223,2417)  (3240,2444)  (3213,2444)
Aquia Creek  (2952,2106)  (2925,2132)  (2925,2105)  (2978,2133)  (2952,2079)  (2979,2079)  (2979,2106)  (2924,2078)  (2898,2141)  (2960,2052)
Shelbyville  (1006,487)  (979,484)  (1032,514)  (1006,460)  (975,457)  (1031,541)  (1002,433)  (1029,424)  (1004,558)
Hampton Roads SZ  (3516,2976)  (3489,3002)  (3489,2975)  (3542,3003)  (3516,2949)  (3543,2949)  (3543,2976)  (3487,2948)  (3462,2990)  (3569,3003)  (3570,2931)  (3570,2958)  (3593,3030)  (3435,2994)  (3596,2985)  (3597,2931)  (3597,2958)  (3598,3057)  (3413,3029)
Edina  (568,317)  (541,343)  (541,316)  (594,344)  (568,290)  (595,290)  (595,317)  (539,289)  (621,344)  (621,371)  (566,263)  (622,290)  (622,317)  (513,262)  (645,398)  (540,236)  (512,235)  (645,425)  (493,208)  (486,181)
Appomattox Court House  (2268,2781)  (2294,2808)  (2267,2808)  (2260,2754)  (2287,2754)  (2295,2781)  (2314,2735)  (2285,2835)  (2258,2835)  (2283,2727)  (2322,2762)  (2322,2789)  (2315,2708)  (2341,2735)  (2349,2762)
Washington  (3127,1926)  (3143,1953)  (3136,1980)  (3127,1899)  (3166,1957)  (3098,1915)
Hanover Junction  (2847,2502)  (2820,2528)  (2820,2501)  (2873,2529)  (2847,2475)  (2874,2479)  (2818,2474)  (2793,2537)  (2793,2510)  (2791,2473)  (2822,2447)
Mount Pleasant  (2792,2363)  (2818,2390)  (2819,2358)  (2744,2351)  (2845,2385)  (2845,2412)  (2717,2347)  (2872,2385)
Cornettsville  (1731,865)  (1657,883)  (1692,876)  (1763,858)  (1804,827)
Mittersburg  (814,230)  (787,256)  (787,229)  (840,257)  (814,203)  (841,203)  (841,230)  (785,202)  (813,283)  (786,283)  (760,256)  (760,229)  (867,257)  (867,284)  (840,284)  (812,176)  (868,191)  (868,218)  (758,202)  (733,248)  (894,245)  (894,272)  (895,192)  (921,219)  (921,246)  (921,273)
Berkley Springs Station  (2322,292)
Montgomery  (1426,1571)  (1452,1579)  (1462,1607)  (1433,1623)
Farmington  (874,766)  (847,792)  (847,765)  (900,793)  (901,749)  (845,738)  (927,776)  (927,803)
Monroes Crossroads  (2409,1061)  (2382,1087)  (2382,1060)  (2435,1088)  (2409,1034)  (2436,1034)  (2436,1061)  (2380,1033)  (2408,1114)  (2381,1114)  (2355,1087)  (2355,1060)  (2462,1088)  (2461,1115)  (2407,1007)  (2434,1007)  (2463,1010)  (2463,1037)  (2372,1006)  (2434,1141)  (2407,1141)  (2380,1141)  (2406,1168)
Ottawa Station  (1031,215)
West Point  (3123,2623)  (3096,2605)  (3150,2616)  (3150,2643)  (3069,2596)
Gettysburg  (3057,1388)  (3030,1414)  (3083,1415)  (3032,1361)  (3059,1361)  (3084,1388)  (3086,1359)  (3056,1441)  (3029,1441)  (3110,1415)  (3108,1442)  (3111,1386)  (3113,1353)
Princeton  (1176,794)  (1149,812)  (1149,785)  (1202,821)  (1176,767)  (1203,782)  (1148,758)  (1175,839)  (1229,809)  (1175,740)  (1230,782)  (1256,810)
Alton  (907,554)  (880,536)  (933,581)  (906,581)  (907,527)  (934,527)  (934,554)  (861,509)  (905,608)  (834,515)  (807,515)
Confederate4  (3588,968)  (3598,995)  (3581,941)  (3598,1022)  (3581,914)
Confederate2  (3587,413)  (3598,440)  (3581,386)  (3598,467)  (3581,359)  (3598,494)  (3581,332)
Confederate3  (3590,701)  (3598,728)  (3581,674)  (3598,755)  (3581,647)  (3598,782)  (3581,620)  (3598,809)  (3581,593)  (3598,836)  (3581,566)  (3598,863)  (3581,539)
Charlotte Station  (2204,1025)
Allentown Station  (2599,28)
Petersburg  (2946,2835)  (2977,2844)  (2982,2873)  (2950,2890)  (2951,2864)
Amelia  (2805,2732)  (2778,2758)  (2778,2731)  (2831,2759)  (2805,2705)  (2832,2705)  (2832,2732)  (2776,2704)  (2804,2785)  (2858,2759)  (2833,2786)  (2803,2678)  (2859,2693)  (2859,2720)  (2749,2708)
Pea Ridge  (399,1055)  (372,1081)  (372,1054)  (425,1082)  (399,1028)  (426,1028)  (426,1055)  (370,1027)  (398,1108)  (371,1108)  (345,1081)  (345,1054)  (452,1082)  (448,1109)  (344,1109)  (397,1001)  (424,1001)  (451,1001)  (453,1028)  (453,1055)  (353,1000)  (478,977)  (444,1136)  (326,1136)  (410,974)  (437,974)  (480,1034)  (505,982)
Poison Spring  (579,1550)  (552,1576)  (552,1549)  (605,1577)  (579,1523)  (606,1528)  (550,1522)  (525,1580)
Wichita  (1925,2774)  (1898,2800)  (1898,2773)  (1951,2801)  (1925,2747)  (1952,2747)  (1952,2774)  (1896,2746)  (1924,2827)  (1897,2827)  (1871,2800)  (1871,2773)  (1978,2801)  (1978,2828)  (1951,2828)  (1923,2720)  (1950,2720)  (1977,2720)  (1979,2747)  (1979,2774)  (1869,2746)  (1869,2719)  (1896,2719)  (1924,2854)  (1844,2819)  (1844,2792)  (2005,2801)  (2005,2828)  (2005,2855)  (1978,2855)  (1951,2855)  (1923,2693)  (2006,2722)  (2006,2749)  (1842,2765)  (1842,2738)  (1842,2711)  (1869,2692)  (1896,2692)  (1834,2684)  (1817,2796)  (2032,2776)  (2032,2803)  (2032,2830)  (2008,2882)  (1981,2882)  (1954,2882)  (1923,2666)  (2033,2737)  (1815,2769)  (1815,2742)  (1815,2715)
Blue Ridge Mountains 2  (2481,2210)  (2454,2236)  (2466,2183)  (2493,2183)  (2520,2188)  (2443,2263)  (2480,2156)
Blue Ridge Mountains 1  (2378,2327)  (2338,2326)  (2334,2353)  (2359,2355)
Blue Ridge Mountains 4  (2621,1981)  (2594,2007)
Blue Ridge Mountains 3  (2547,2071)  (2572,2098)  (2545,2098)  (2542,2044)
Tuskegee Station  (1533,1599)
Baja California  (636,3071)  (609,3097)  (609,3070)  (662,3098)  (636,3044)  (663,3044)  (663,3071)  (607,3043)  (635,3124)  (608,3124)  (582,3097)  (582,3070)  (689,3098)  (689,3125)  (662,3125)  (581,3125)  (634,3017)  (661,3017)  (688,3017)  (690,3044)  (690,3071)  (580,3043)  (580,3016)  (607,3016)  (634,2990)  (661,2990)  (688,2990)  (553,3036)  (553,3004)  (580,2989)  (607,2989)  (541,2977)  (634,2963)  (661,2963)  (568,2962)  (595,2962)
Cross Keys  (2345,2210)  (2318,2211)  (2345,2237)  (2372,2193)  (2372,2220)  (2399,2197)
Confederate1  (3584,249)  (3598,276)  (3581,222)  (3583,195)
Lawrenceville  (663,1251)  (636,1277)  (636,1250)  (683,1278)  (663,1224)  (634,1223)  (656,1304)  (703,1305)  (661,1197)  (725,1332)  (698,1332)
Pulaski Station  (1375,1198)
Paris Station  (1688,611)
Coast Range  (325,2530)
Macon  (1795,1474)  (1768,1500)  (1768,1473)  (1821,1501)  (1795,1447)  (1822,1447)  (1822,1474)  (1766,1446)  (1741,1495)  (1848,1510)  (1832,1420)  (1739,1468)  (1739,1441)  (1766,1419)  (1736,1414)  (1714,1496)  (1875,1518)  (1712,1469)  (1712,1442)
Zanesville Station  (1948,281)
Waycross  (1998,1711)  (1971,1737)  (1971,1710)  (2024,1738)  (1998,1684)  (2025,1684)  (2025,1711)  (1969,1683)  (1997,1764)  (1970,1764)  (1944,1737)  (1944,1710)  (2048,1765)  (1996,1657)  (2023,1657)  (2052,1663)  (2052,1690)  (1942,1683)  (2079,1671)
Biloxi  (1084,1939)  (1057,1965)  (1057,1938)  (1110,1912)  (1111,1939)  (1030,1977)  (1030,1950)  (1030,1923)  (1138,1942)  (1003,1959)  (1003,1932)  (983,1905)
Johnsonville  (1089,1033)  (1062,1051)  (1062,1024)  (1115,1060)  (1089,1006)  (1116,1006)  (1116,1033)
Bloomington Junction Station  (1180,305)
Edwards Station Station  (867,1658)
Valparaiso  (1189,141)  (1162,167)  (1162,140)  (1215,168)  (1216,126)  (1162,113)  (1227,99)  (1182,194)  (1155,194)  (1135,167)  (1135,140)  (1242,153)  (1242,180)  (1243,126)  (1128,195)  (1238,72)  (1108,168)  (1269,153)
Kokomo Station  (1304,175)
Warrenton  (2754,2070)  (2727,2090)  (2727,2063)  (2780,2097)  (2754,2043)  (2781,2045)  (2719,2036)  (2700,2074)  (2807,2072)  (2807,2099)  (2746,2016)  (2809,2126)  (2692,2047)  (2692,2020)  (2719,2009)  (2834,2091)  (2836,2118)  (2836,2145)  (2668,1993)  (2665,2060)  (2665,2033)  (2863,2097)  (2638,2053)
Charles Town  (2803,1721)  (2743,1812)  (2761,1787)  (2777,1753)
Jasper  (1454,1162)  (1427,1188)  (1427,1161)
Jacksonville  (1992,1886)  (1965,1912)  (1965,1885)  (2018,1913)  (1992,1859)  (2019,1859)  (2019,1886)  (1963,1858)  (1991,1939)  (1964,1939)  (2045,1913)  (2045,1940)  (2018,1940)  (1937,1916)  (1990,1832)  (2017,1832)  (2044,1832)  (2046,1859)  (2046,1886)  (1952,1831)  (2073,1860)
Selinas de San Andres  (1446,3014)  (1419,3040)  (1419,3013)  (1472,3041)  (1446,2987)  (1473,2998)  (1417,2986)  (1445,3067)  (1499,3031)  (1411,2959)  (1438,2959)
Bel Air  (3360,1472)  (3333,1498)  (3333,1471)  (3386,1499)  (3360,1445)  (3387,1445)  (3387,1472)  (3331,1444)  (3359,1525)  (3332,1525)  (3413,1499)  (3394,1526)  (3358,1418)  (3414,1448)  (3304,1464)  (3304,1437)  (3331,1417)  (3367,1552)  (3340,1552)  (3394,1553)  (3358,1391)  (3331,1373)  (3361,1579)  (3334,1579)
Blairsville  (1683,1189)  (1656,1182)  (1683,1216)  (1710,1176)  (1650,1155)
Mechanicsville  (2973,2595)  (2946,2593)  (2999,2622)  (3026,2621)  (3026,2648)  (2999,2649)  (2887,2583)
Tuscaloosa  (1276,1556)  (1283,1583)  (1256,1583)  (1264,1529)  (1291,1529)  (1318,1507)  (1289,1610)  (1262,1610)  (1266,1502)  (1235,1615)  (1293,1480)  (1320,1480)  (1296,1637)  (1269,1637)  (1242,1642)  (1295,1453)  (1322,1453)
St Louis Station  (786,694)
Oxford  (3547,1385)  (3520,1411)  (3520,1384)  (3569,1412)  (3547,1358)  (3518,1357)  (3542,1438)  (3515,1438)  (3493,1411)  (3493,1384)  (3569,1439)  (3545,1331)  (3491,1357)  (3491,1330)  (3518,1330)  (3488,1443)  (3542,1465)  (3515,1465)  (3466,1416)  (3466,1389)  (3569,1466)  (3545,1304)  (3504,1303)  (3488,1470)  (3461,1456)  (3542,1492)  (3515,1492)  (3439,1419)  (3569,1493)  (3546,1277)  (3488,1497)  (3542,1519)  (3515,1519)  (3569,1520)  (3565,1250)
Manassas Station  (2914,2010)
Athens  (1666,1061)  (1688,1088)  (1661,1088)  (1667,1034)  (1693,1061)  (1694,1033)  (1634,1101)  (1684,1115)  (1720,1060)  (1713,1006)  (1721,1033)
Pittsburg  (2156,179)  (2129,199)  (2129,172)  (2182,206)  (2156,152)
Goldsboro Station  (2589,914)
Luray  (2477,2089)  (2495,2062)  (2512,2125)  (2447,2145)
Nottoway  (2695,2908)  (2668,2934)  (2668,2907)  (2721,2935)  (2695,2881)  (2722,2881)  (2722,2908)  (2666,2880)  (2694,2961)  (2667,2961)  (2641,2934)  (2641,2907)  (2748,2935)  (2748,2962)  (2721,2962)  (2640,2962)  (2693,2854)  (2720,2854)  (2747,2854)  (2749,2881)  (2749,2908)  (2639,2880)  (2639,2853)  (2666,2853)  (2774,2837)  (2614,2935)  (2614,2908)  (2775,2935)  (2775,2962)  (2747,2989)  (2661,2989)  (2634,2989)  (2613,2962)  (2693,2827)  (2720,2827)  (2747,2827)  (2776,2864)  (2776,2891)  (2612,2881)  (2612,2854)  (2612,2827)  (2639,2826)  (2666,2826)  (2587,2935)  (2587,2908)  (2802,2918)  (2802,2945)  (2802,2972)  (2628,3016)  (2586,2974)  (2595,2800)  (2693,2800)  (2720,2800)  (2803,2853)  (2803,2880)
Cumberland Mountains South  (1647,907)
Mississippi River Upper 1  (710,440)  (853,557)  (825,543)  (781,541)  (766,473)  (669,407)  (662,356)  (670,290)  (705,248)
Mississippi River Upper 2  (903,716)  (871,686)  (945,734)  (834,638)  (855,587)
Cumberland River Upper  (1466,916)  (1585,840)  (1540,855)  (1496,867)  (1382,949)
Oro del Pueblo  (1246,2905)  (1219,2931)  (1219,2904)  (1272,2932)  (1246,2878)  (1273,2878)  (1273,2905)  (1217,2877)  (1245,2958)  (1218,2958)  (1299,2932)  (1191,2948)  (1190,2879)  (1173,2852)  (1163,2879)
Edwards Station  (855,1629)  (882,1628)  (872,1687)  (856,1709)
Santa Barbara  (418,2627)  (391,2653)  (391,2626)  (437,2654)  (418,2600)  (445,2600)  (445,2627)  (389,2599)  (401,2680)  (374,2680)  (364,2653)  (416,2573)  (443,2573)  (375,2572)  (347,2693)  (452,2546)
Tahlequah  (246,1077)  (219,1103)  (219,1076)  (272,1104)  (246,1050)  (273,1050)  (273,1077)  (217,1049)  (245,1130)  (218,1130)  (192,1103)  (274,1131)  (244,1023)  (271,1023)  (190,1048)  (217,1022)  (189,1021)  (298,1012)  (244,996)  (271,996)  (216,995)  (298,985)
Lancaster  (3420,1233)  (3393,1259)  (3393,1232)  (3446,1260)  (3420,1206)  (3447,1206)  (3447,1233)  (3391,1205)  (3419,1286)  (3392,1286)  (3366,1259)  (3366,1232)  (3473,1260)  (3463,1287)  (3365,1287)  (3474,1195)  (3474,1222)  (3364,1205)  (3436,1313)  (3409,1313)  (3339,1260)  (3339,1233)  (3500,1249)  (3463,1314)  (3382,1314)  (3355,1314)  (3338,1287)  (3501,1195)  (3501,1222)  (3436,1340)  (3409,1340)  (3312,1260)  (3382,1341)  (3528,1195)  (3528,1222)  (3410,1367)  (3285,1269)  (3555,1195)  (3269,1242)
Fort Jackson  (966,2173)  (963,2143)  (992,2160)  (990,2194)  (956,2200)  (938,2171)
Waynesboro  (2385,2456)  (2358,2482)  (2358,2455)  (2411,2483)  (2385,2429)  (2412,2429)  (2412,2456)  (2356,2428)  (2384,2509)  (2357,2509)  (2331,2482)  (2331,2455)  (2438,2483)  (2438,2510)  (2411,2510)  (2383,2402)  (2329,2428)  (2329,2401)  (2356,2401)  (2384,2536)  (2357,2536)  (2465,2460)  (2465,2487)  (2464,2537)  (2437,2537)  (2402,2563)
Massanutten  (2446,2042)  (2444,2069)  (2453,2015)  (2480,2008)  (2428,2096)  (2401,2122)  (2404,2149)
Montgomery Station  (1405,1601)
Dome Mountain  (783,2903)  (756,2929)  (756,2902)  (809,2930)  (783,2876)  (810,2894)  (755,2875)  (836,2921)  (783,2849)
Queen Annes  (3544,1724)  (3517,1750)  (3517,1723)  (3569,1751)  (3544,1697)  (3542,1777)  (3515,1777)  (3490,1750)  (3569,1778)  (3488,1779)  (3542,1804)  (3569,1805)  (3542,1831)  (3569,1832)  (3515,1838)  (3542,1858)  (3569,1859)  (3515,1865)
Tennessee River Upper  (1460,1207)  (1417,1259)  (1513,1156)  (1482,1180)  (1369,1239)
Fort Riley  (2161,2528)  (2134,2554)  (2134,2527)  (2170,2555)  (2161,2501)  (2132,2500)  (2143,2581)  (2107,2555)  (2107,2528)  (2170,2582)  (2105,2501)  (2080,2540)  (2170,2609)  (2078,2513)  (2053,2540)  (2051,2513)
Bents Old Fort  (1662,2562)  (1689,2536)  (1689,2573)  (1641,2535)  (1662,2589)  (1635,2589)  (1635,2562)  (1706,2600)  (1716,2509)  (1716,2536)  (1716,2572)  (1614,2535)  (1614,2508)  (1641,2508)  (1679,2616)  (1652,2616)  (1625,2616)  (1608,2589)  (1608,2562)  (1598,2626)  (1733,2599)  (1733,2626)  (1706,2627)  (1743,2486)  (1743,2513)  (1743,2570)  (1587,2535)  (1679,2643)  (1652,2643)  (1625,2643)  (1581,2567)  (1598,2653)  (1571,2633)  (1760,2597)  (1728,2654)  (1564,2508)  (1770,2569)  (1560,2540)  (1571,2670)  (1787,2596)  (1537,2513)
Manassas  (2865,2019)  (2838,2032)  (2838,2005)  (2891,2046)  (2865,1992)  (2892,1987)  (2864,2059)  (2834,1978)  (2861,1965)
Peralta  (1498,2918)  (1471,2944)  (1471,2917)  (1524,2945)  (1498,2891)  (1525,2891)  (1525,2918)  (1469,2890)  (1551,2945)  (1551,2972)  (1524,2972)  (1552,2906)  (1442,2908)  (1450,2863)  (1578,2933)  (1548,2999)  (1521,2999)  (1452,2836)
Franklin  (2304,470)  (2323,497)  (2296,497)  (2299,443)  (2303,416)  (2260,531)
Romney  (2406,1793)  (2379,1819)  (2432,1820)  (2409,1766)  (2433,1793)  (2436,1763)  (2405,1846)  (2378,1846)  (2459,1820)  (2459,1847)  (2432,1847)  (2351,1847)  (2460,1790)  (2434,1736)  (2461,1736)  (2463,1763)  (2404,1873)  (2486,1817)  (2486,1844)  (2377,1874)  (2350,1874)  (2487,1790)  (2323,1875)  (2488,1711)  (2455,1709)  (2490,1738)  (2403,1901)  (2376,1901)  (2514,1765)  (2514,1792)  (2349,1902)  (2322,1902)  (2515,1694)  (2517,1721)  (2295,1906)  (2421,1928)  (2394,1928)  (2541,1750)  (2541,1777)  (2367,1929)  (2340,1929)  (2313,1933)  (2286,1933)  (2448,1938)  (2259,1950)  (2421,1955)  (2394,1955)  (2367,1956)  (2340,1956)  (2313,1960)  (2286,1960)
Staunton  (2252,2345)  (2268,2372)  (2279,2333)  (2295,2360)  (2295,2387)  (2268,2399)  (2306,2326)  (2288,2426)  (2261,2426)
Helena  (756,1266)  (729,1254)  (774,1293)  (747,1293)  (756,1239)  (783,1239)  (783,1266)  (716,1227)  (758,1320)  (743,1212)  (770,1212)  (704,1200)  (731,1185)  (758,1185)  (785,1171)  (714,1158)
Gordonsville  (2592,2329)  (2608,2356)  (2681,2367)  (2648,2387)
Blue Ridge Mountains 5  (2687,1904)
Blue Ridge Mountains 6  (2748,1829)
Ridgeway Station  (2586,803)
Crawfords  (1271,368)  (1244,364)  (1237,337)  (1289,395)  (1262,395)  (1217,370)  (1210,343)  (1298,422)  (1271,422)  (1301,449)
Deer Creek River  (785,1592)
Milledgeville  (1984,1529)  (1957,1555)  (1957,1528)  (2010,1556)  (2011,1517)  (1955,1501)  (1983,1582)  (2027,1583)  (1928,1514)  (1928,1487)  (1955,1474)  (2007,1461)  (2035,1610)  (2008,1610)  (1950,1447)  (1977,1447)
Goldsboro  (2574,945)  (2547,948)  (2547,921)  (2601,945)
Cheraw  (2409,1217)  (2382,1237)  (2382,1210)  (2460,1176)  (2374,1264)  (2480,1149)  (2369,1291)  (2507,1134)  (2366,1318)
Tennessee River Confluence  (1084,848)  (1054,828)  (1109,878)  (1126,916)  (1135,952)
Waynesville  (544,742)  (517,768)  (517,741)  (570,769)  (544,715)  (571,715)  (571,742)  (499,714)  (543,795)  (516,795)  (490,768)  (490,741)  (597,769)  (489,796)  (579,688)  (598,715)  (598,742)  (606,688)  (472,714)  (551,822)  (524,822)  (463,769)  (463,742)  (497,823)
Branchville  (2265,1379)  (2238,1405)  (2238,1355)  (2291,1406)  (2265,1352)  (2242,1325)
Wharton  (24,2186)  (50,2213)  (23,2213)  (0,2159)  (27,2159)  (51,2186)  (54,2156)  (46,2240)  (19,2240)  (32,2129)  (59,2129)
Kokomo  (1363,228)  (1336,254)  (1336,227)  (1389,255)  (1363,201)  (1390,201)  (1390,228)  (1334,200)  (1362,281)  (1335,281)  (1309,254)  (1309,227)  (1416,255)  (1308,282)  (1361,174)  (1388,174)  (1415,174)  (1417,201)  (1417,228)  (1334,158)  (1442,154)  (1374,308)  (1347,308)  (1443,255)  (1320,309)  (1281,295)  (1444,181)  (1444,208)  (1469,144)  (1470,235)  (1471,171)  (1471,198)  (1497,225)  (1498,172)
Chickamauga  (1622,1192)  (1642,1216)  (1628,1238)  (1620,1267)  (1589,1267)  (1595,1210)
Beaufort  (2261,1481)  (2234,1507)  (2234,1480)  (2261,1454)  (2288,1454)  (2207,1494)  (2315,1470)
Meridian  (1122,1601)  (1095,1627)  (1095,1600)  (1148,1628)  (1122,1574)  (1149,1600)  (1093,1573)  (1149,1555)  (1088,1654)  (1068,1627)  (1068,1600)  (1175,1627)  (1175,1654)  (1120,1547)  (1066,1573)  (1066,1546)  (1093,1546)  (1061,1661)  (1147,1528)  (1120,1520)  (1066,1519)  (1093,1519)
Frankfort Station  (1595,590)
Sacramento  (354,2283)  (327,2301)  (327,2274)  (381,2268)  (408,2268)  (413,2295)
Searcy  (551,1165)  (524,1175)  (524,1148)  (577,1192)  (578,1143)  (506,1121)  (497,1169)  (604,1170)  (479,1142)
Union Church Station  (830,1796)
Steele Bayou River  (781,1478)  (791,1505)
York  (3211,1378)  (3184,1404)  (3184,1377)  (3237,1405)  (3211,1351)  (3238,1351)  (3238,1378)  (3182,1350)  (3210,1431)  (3183,1431)  (3157,1404)  (3157,1377)  (3156,1432)  (3209,1324)  (3236,1324)  (3263,1324)  (3265,1351)  (3265,1378)  (3155,1350)  (3172,1323)  (3237,1448)  (3285,1405)  (3290,1306)  (3210,1458)  (3183,1458)  (3156,1459)  (3199,1297)  (3226,1297)  (3253,1297)  (3292,1333)  (3292,1360)  (3263,1475)  (3236,1485)  (3209,1485)  (3182,1486)  (3155,1486)  (3202,1270)  (3229,1270)  (3282,1502)  (3255,1512)
Harrisburg Station  (3189,1173)
Allegheny Mountains  (2252,2152)  (2268,2179)  (2252,2125)  (2279,2126)  (2277,2206)  (2252,2098)  (2286,2233)  (2259,2233)  (2252,2071)  (2288,2260)  (2261,2260)  (2263,2044)  (2278,2287)
Perry  (1905,1970)  (1878,1973)  (1878,1946)  (1931,1997)  (1905,1943)  (1932,1968)  (1904,2000)  (1851,1953)  (1955,2024)  (1959,1976)
Carlisle  (3082,1223)  (3055,1249)  (3055,1222)  (3108,1250)  (3082,1196)  (3109,1196)  (3109,1223)  (3053,1195)  (3081,1276)  (3054,1276)  (3028,1245)  (3135,1250)  (3135,1277)  (3108,1277)  (3136,1195)  (3136,1222)  (3026,1218)  (3081,1303)  (3162,1249)  (3142,1304)  (3115,1304)  (3163,1198)  (2999,1222)  (2999,1195)  (3189,1225)
Long Island  (2997,0)  (2964,10)
Rita del Cobre  (1236,3026)  (1209,3050)  (1209,3023)  (1263,3009)  (1263,3036)
New York Harbor SZ  (2965,130)  (2938,156)  (2938,129)  (2991,157)  (2965,103)  (2992,103)  (2992,130)  (2936,102)  (2964,183)  (2937,183)  (3018,157)  (2963,76)  (2990,76)  (3017,76)  (3019,103)  (3019,130)  (3044,51)  (2969,210)  (2942,210)  (3045,157)  (2970,49)  (2997,49)  (3046,78)  (3046,105)  (2915,213)  (3024,24)  (3051,24)  (3071,51)  (2969,237)  (2942,237)  (3072,132)  (3072,159)  (3073,78)  (3073,105)  (2915,240)  (2969,264)  (2942,264)  (2915,267)  (2888,269)
Milledgeville Station  (1988,1489)
Coyoteros Land  (1065,2887)  (1038,2907)  (1038,2880)  (1091,2914)  (1092,2869)  (1119,2874)
Harrisburg  (3200,1194)  (3263,1196)  (3293,1197)  (3322,1197)
Union Church  (855,1780)  (874,1807)  (828,1769)  (882,1754)  (855,1753)  (847,1830)  (901,1791)  (870,1857)
New Orleans Station  (884,2005)
Somerset Station  (2246,274)
Geneva  (1015,22)  (988,48)  (988,21)  (1038,49)  (1042,0)
Harrison's Landing  (3103,2787)  (3076,2793)  (3090,2760)  (3130,2773)  (3149,2800)  (3049,2792)  (3163,2827)
Waverly  (1148,910)  (1129,876)  (1117,847)  (1157,939)
Pulaski  (1315,1143)  (1288,1169)  (1288,1142)  (1341,1170)  (1315,1116)  (1342,1116)  (1342,1143)  (1286,1115)  (1345,1197)  (1369,1156)  (1259,1141)
Gilmer  (97,1545)  (70,1571)  (70,1544)  (123,1572)  (97,1518)  (124,1518)  (124,1545)  (68,1517)  (96,1598)  (69,1598)  (43,1571)  (43,1544)  (150,1572)  (150,1599)  (123,1599)  (42,1599)  (95,1491)  (122,1491)  (149,1491)  (151,1518)  (151,1545)  (41,1517)  (41,1490)  (68,1490)  (176,1466)  (96,1625)  (69,1625)  (16,1572)  (16,1545)  (177,1572)  (177,1599)  (124,1626)  (42,1626)  (15,1624)  (95,1464)  (122,1464)  (149,1464)  (178,1493)  (178,1520)  (14,1518)  (14,1491)  (14,1464)  (41,1463)  (68,1463)  (203,1464)  (97,1652)  (70,1652)  (204,1547)  (204,1574)  (204,1601)  (43,1653)
San Andres Mountains  (1374,3043)
Bloomington Junction  (1110,294)  (1083,320)  (1083,293)  (1136,321)  (1110,267)  (1137,267)  (1137,294)  (1081,266)  (1109,347)  (1082,347)  (1163,334)  (1136,348)  (1055,339)  (1108,240)  (1164,241)  (1164,268)  (1067,239)  (1191,231)  (1191,258)  (1205,285)  (1218,224)  (1218,251)  (1245,219)  (1245,246)
Canon Largo  (1317,2664)  (1290,2690)  (1290,2663)  (1343,2691)  (1317,2637)  (1344,2637)  (1344,2664)  (1288,2636)  (1316,2717)  (1289,2717)  (1263,2690)  (1370,2691)  (1362,2718)  (1315,2610)  (1342,2610)  (1371,2646)  (1261,2639)  (1310,2744)  (1308,2583)  (1335,2583)  (1362,2583)  (1320,2556)  (1347,2556)
Smithville  (682,992)  (655,1018)  (655,991)  (708,1019)  (682,965)  (709,965)  (709,992)  (653,964)  (681,1045)  (654,1045)  (628,1018)  (628,991)  (710,1046)  (699,938)  (736,982)  (626,964)  (683,1072)
Newbern  (2196,762)  (2169,788)  (2169,761)  (2222,789)  (2196,735)  (2223,735)  (2223,762)  (2167,734)  (2195,815)  (2168,815)  (2142,773)  (2249,789)  (2249,816)  (2222,816)  (2250,719)  (2250,746)  (2254,692)  (2276,822)  (2277,719)  (2243,665)
Chester  (2132,1071)  (2159,1056)  (2107,1044)  (2130,1109)  (2178,1118)  (2134,1029)  (2161,1027)  (2088,1017)  (2187,1145)  (2115,1002)  (2142,1000)
Savannah Station  (2183,1566)
Evansville  (1255,632)  (1228,658)  (1228,631)  (1262,659)  (1282,605)  (1282,632)  (1201,673)  (1300,578)  (1309,605)  (1309,632)  (1327,560)  (1174,676)  (1336,587)  (1160,649)
Rosedale  (794,1430)  (800,1458)  (792,1398)  (776,1439)
Leesburg  (2844,1802)  (2817,1828)  (2817,1801)  (2870,1829)  (2844,1775)  (2871,1775)  (2871,1802)  (2815,1774)  (2843,1855)  (2790,1827)  (2897,1829)  (2842,1748)  (2869,1748)  (2898,1756)
Fort McAllister  (2141,1648)  (2114,1647)  (2167,1675)  (2168,1642)  (2112,1620)  (2085,1637)  (2085,1610)  (2070,1583)
Louisa  (2730,2426)  (2703,2438)  (2703,2411)  (2745,2453)  (2730,2399)  (2757,2399)  (2757,2426)  (2676,2425)  (2784,2417)
College Hill Station  (1007,1191)
Harpers Ferry  (2751,1684)  (2724,1710)  (2724,1683)  (2765,1711)  (2754,1657)  (2781,1654)  (2738,1737)  (2767,1627)
Chuska Mountains  (1253,2758)
Equality  (1071,686)  (1044,679)  (1097,713)  (1070,713)  (1071,659)  (1098,660)  (1043,652)  (1043,737)  (1089,740)  (1070,632)  (1043,607)  (1079,767)
Cincinnati Station  (1547,429)
Hartford  (1803,1040)  (1776,1066)  (1776,1039)  (1804,1067)  (1803,1013)  (1830,1013)  (1830,1040)  (1777,1093)  (1802,1120)
Santa Cruz  (260,2435)  (233,2430)  (287,2413)  (286,2460)
Fort Arbuckle  (2137,2885)  (2110,2911)  (2110,2884)  (2163,2912)  (2137,2858)  (2164,2858)  (2164,2885)  (2108,2857)  (2136,2938)  (2109,2938)  (2083,2911)  (2083,2884)  (2170,2939)  (2135,2831)  (2162,2831)  (2089,2830)  (2063,2942)  (2056,2915)  (2056,2888)  (2116,2804)  (2143,2804)  (2170,2804)  (2083,2803)
Aberdeen  (1086,1369)  (1059,1359)  (1112,1396)  (1086,1342)  (1113,1342)  (1113,1369)  (1048,1332)  (1085,1407)  (1132,1423)  (1058,1423)  (1075,1315)  (1102,1315)  (1129,1315)  (1036,1305)  (1105,1434)  (1078,1450)  (1063,1288)  (1090,1288)  (1129,1461)
Wilsons Creek  (565,899)  (538,925)  (538,898)  (586,926)  (565,872)  (592,866)  (513,871)  (559,952)  (532,952)  (511,925)  (511,898)  (619,845)  (582,839)  (578,979)  (609,818)  (646,824)  (646,851)  (673,825)
Louisville  (1463,644)  (1489,671)  (1462,671)  (1490,643)
Van Buren  (811,887)  (784,866)  (837,914)  (810,914)  (811,860)  (838,883)  (770,839)  (828,941)  (743,833)  (716,826)
Moulton  (1209,1265)  (1182,1277)  (1182,1250)  (1236,1259)  (1237,1286)  (1155,1280)  (1264,1270)
Decatur  (1789,1346)  (1762,1367)  (1762,1340)  (1792,1373)  (1789,1319)  (1816,1319)  (1755,1313)  (1843,1334)
South Fork  (2582,1962)  (2553,1987)  (2563,2021)  (2516,2032)
London  (1731,794)  (1704,820)  (1704,793)  (1757,821)  (1731,767)  (1758,771)  (1702,766)  (1695,847)  (1677,820)  (1677,793)  (1784,798)  (1697,739)  (1668,848)  (1811,774)  (1838,774)
Culpeper  (2685,2159)  (2658,2185)  (2658,2158)  (2711,2186)  (2685,2132)  (2656,2131)  (2712,2130)  (2684,2212)  (2657,2212)  (2631,2185)  (2631,2158)  (2738,2177)  (2629,2131)  (2629,2104)  (2656,2104)  (2762,2204)  (2604,2189)  (2604,2162)  (2765,2168)  (2602,2135)  (2602,2108)
Valley of San Luis  (1472,2662)  (1498,2689)  (1447,2635)  (1499,2652)
Leona  (23,1836)  (49,1863)  (22,1863)  (0,1809)  (27,1809)  (50,1836)  (54,1805)  (76,1887)  (49,1890)  (22,1890)  (0,1782)  (27,1782)  (54,1778)  (100,1914)  (73,1917)  (46,1917)  (19,1917)  (0,1755)  (27,1755)  (127,1899)  (127,1926)  (100,1941)  (73,1944)  (46,1944)  (0,1728)  (27,1728)  (131,1953)  (154,1900)  (0,1701)  (158,1927)  (2062,3141)  (2089,3141)  (2116,3141)  (2143,3141)  (2170,3141)
Yampa  (853,2731)  (826,2757)  (826,2730)  (879,2758)  (860,2704)  (880,2731)  (887,2697)  (852,2784)  (825,2784)  (799,2757)  (799,2730)  (798,2785)  (907,2724)  (914,2685)  (772,2758)  (934,2712)  (941,2682)  (953,2739)  (961,2709)  (968,2682)
Hillsboro  (1723,449)  (1696,466)  (1693,439)  (1749,414)  (1750,441)  (1750,468)  (1723,476)  (1685,412)  (1669,477)  (1666,450)  (1777,418)  (1777,445)  (1777,472)  (1658,423)
Louisville Station  (1480,609)
Danville  (2337,818)  (2310,799)  (2363,845)  (2336,845)  (2390,828)
Aberdeen Station  (1052,1390)
Gentry  (395,341)  (368,367)  (368,340)  (421,368)  (395,314)  (422,314)  (422,341)  (366,313)  (394,394)  (367,394)  (341,367)  (341,340)  (448,368)  (448,395)  (421,395)  (393,287)  (420,287)  (447,287)  (449,314)  (449,341)  (339,313)  (339,286)  (366,286)  (474,262)  (394,421)  (367,421)  (314,345)  (475,368)  (475,395)  (475,422)  (448,422)  (421,422)  (393,260)  (420,260)  (447,260)  (476,289)  (476,316)  (312,318)  (312,291)  (312,264)  (339,259)  (366,259)  (290,237)  (394,448)  (367,448)  (483,449)  (456,449)  (429,449)  (393,233)  (317,232)  (402,475)  (375,475)
Strasburg  (2532,1841)  (2490,1917)  (2515,1890)  (2439,1895)
Hunters Mill  (2980,1894)  (2953,1891)  (3006,1921)  (2979,1921)  (2980,1867)  (3007,1883)  (2949,1864)  (3019,1948)  (2922,1881)
Big Mountain  (2850,1225)  (2872,1198)  (2877,1225)  (2877,1252)  (2850,1252)  (2823,1259)  (2899,1195)  (2795,1293)  (2926,1195)  (2771,1322)  (2953,1195)
Smithfield  (182,2016)  (208,2043)  (181,2043)  (164,1989)  (191,1989)  (209,2016)  (214,2070)  (187,2070)  (193,1962)
Talladega  (1464,1486)  (1437,1512)  (1437,1485)  (1481,1513)  (1464,1459)  (1491,1459)  (1491,1486)  (1435,1458)  (1444,1539)  (1462,1432)  (1489,1432)
Tejuas  (906,2847)  (879,2873)  (879,2846)  (932,2874)  (906,2820)  (877,2819)  (905,2900)  (878,2900)  (852,2869)  (932,2901)  (850,2842)  (823,2858)
Culpeper Station  (2741,2144)
Mojave  (621,2571)  (594,2597)  (594,2570)  (647,2598)  (621,2544)  (648,2544)  (648,2571)  (592,2543)  (620,2624)  (593,2624)  (567,2597)  (567,2570)  (674,2598)  (674,2625)  (647,2625)  (566,2625)  (619,2517)  (646,2517)  (673,2517)  (675,2544)  (675,2571)  (565,2543)  (565,2516)  (592,2516)  (700,2492)  (620,2651)  (593,2651)  (540,2598)  (540,2571)  (701,2598)  (701,2625)  (701,2652)  (674,2652)  (647,2652)  (566,2652)  (539,2652)  (539,2625)  (619,2490)  (646,2490)  (673,2490)  (702,2519)  (702,2546)  (538,2544)  (540,2489)  (567,2489)  (700,2465)  (727,2467)  (620,2678)  (593,2678)  (728,2573)  (728,2600)  (728,2627)  (728,2654)
Liberty  (296,2055)  (269,2069)  (269,2042)  (322,2082)  (296,2028)  (323,2034)  (255,2015)  (295,2096)  (268,2103)  (349,2070)  (282,2001)  (243,1988)
Jefferson City  (480,603)  (453,629)  (453,602)  (506,630)  (480,576)  (507,576)  (507,603)  (451,575)  (479,656)  (452,656)  (426,629)  (426,602)  (533,630)  (533,657)  (506,657)  (424,575)  (424,548)  (451,548)  (399,614)  (560,628)  (560,655)  (459,521)
Wahsatch Mountains  (942,2510)  (994,2448)  (1026,2420)
Jasper Station  (1477,1121)
York Station  (3264,1430)
California Coast SZ  (181,2585)  (154,2611)  (154,2584)  (207,2612)  (181,2558)  (208,2558)  (208,2585)  (152,2557)  (180,2638)  (153,2638)  (127,2611)  (127,2584)  (234,2612)  (234,2639)  (207,2639)  (126,2639)  (179,2531)  (235,2585)  (125,2557)  (125,2530)  (152,2530)  (180,2665)  (153,2665)  (252,2666)  (225,2666)  (126,2666)  (179,2504)  (106,2503)  (133,2503)  (198,2692)  (171,2692)  (252,2693)  (225,2693)  (144,2693)  (117,2693)  (160,2477)  (187,2477)  (106,2476)  (133,2476)  (288,2707)  (198,2719)  (171,2719)  (261,2720)  (234,2720)  (144,2720)  (117,2720)  (160,2450)  (187,2450)  (106,2449)  (133,2449)  (320,2725)
Weston  (2200,458)  (2226,485)  (2199,485)  (2180,431)  (2207,431)  (2172,506)  (2161,533)
Norristown  (2694,83)  (2667,94)  (2667,67) 
Somerset  (2221,255)  (2248,242)  (2214,282)  (2194,255)  (2228,215)  (2275,230)  (2249,309)  (2298,257)  (2302,230)  (2255,336)
Napoloen  (693,1474)  (666,1500)  (666,1473)  (709,1501)  (702,1447)  (682,1527)  (705,1420)
Fort Hindman  (654,1402)  (676,1426)  (679,1392)  (647,1371)  (644,1430)  (622,1400)
there be dragons 
Jefferson  (338,1618)  (311,1640)  (311,1613)  (359,1645)  (338,1591)  (305,1586)  (332,1667)  (284,1637)  (379,1672)  (278,1600)  (352,1694)  (390,1699)
Albuquerque  (1412,2804)  (1395,2832)  (1394,2864)  (1381,2800)
Kingston Station  (1650,1285)
Maryville  (1761,950)  (1734,976)  (1734,949)  (1778,977)  (1809,904)  (1836,896)
Mississippi River Delta  (1000,2128)  (1027,2147)  (1057,2168)
Ogeechee  (2113,1498)  (2086,1484)  (2137,1525)  (2113,1471)  (2140,1471)  (2140,1498)  (2110,1535)  (2069,1457)  (2059,1495)  (2164,1525)  (2151,1552)  (2096,1444)  (2123,1444)  (2124,1562)  (2042,1441)  (2069,1430)  (2148,1589)
Chancellorsville  (2797,2258)  (2770,2276)  (2770,2249)  (2824,2243)  (2824,2270)  (2743,2290)  (2743,2263)  (2851,2257)  (2716,2269)  (2878,2266)
Indianapolis Station  (1394,365)
Tunecha Mountains  (1226,2656)
Pinal Llano Mountains  (1006,2936)
Macon Station  (1865,1486)
Napa City  (227,2276)  (200,2269)  (254,2268)  (279,2296)
Mobile  (1190,1890)  (1163,1908)  (1194,1863)  (1199,1917)  (1221,1866)
Toledo Station  (1647,23)
Yellville  (559,1061)  (532,1087)  (532,1060)  (585,1088)  (559,1034)  (586,1046)  (530,1033)  (612,1073)  (612,1100)  (639,1107)  (661,1134)
Darbytown  (3012,2723)  (2985,2747)  (3002,2696)  (3039,2728)
Monroe  (668,1663)  (641,1682)  (641,1655)  (694,1690)  (668,1636)  (695,1636)  (695,1663)  (640,1628)  (667,1709)  (704,1717)  (667,1609)  (694,1609)  (722,1659)  (695,1744)  (683,1582)
Goochland  (2806,2604)  (2779,2624)  (2779,2597)  (2832,2631)  (2806,2577)  (2833,2583)  (2771,2570)  (2752,2601)  (2859,2616)  (2859,2643)  (2744,2574)  (2886,2618)
Greenupsburg  (1794,587)  (1767,613)  (1767,586)  (1820,614)  (1794,560)  (1821,561)  (1765,559)  (1740,604)  (1847,588)  (1847,615)  (1820,641)  (1848,642)  (1738,577)  (1832,669)  (1711,571)  (1690,544)
Vicksburg Station  (794,1661)
Greensboro Station  (2294,885)
Fort Kearney  (2046,2309)  (2019,2335)  (2019,2308)  (2072,2336)  (2046,2282)  (2073,2282)  (2073,2309)  (2017,2281)  (1992,2344)  (1992,2317)  (2099,2336)  (2099,2363)  (2100,2268)  (2100,2295)  (1990,2290)  (1965,2342)  (2126,2322)  (2126,2349)  (2126,2376)  (2127,2268)  (2127,2295)  (1963,2315)  (1963,2288)  (1938,2342)  (2153,2322)  (2153,2349)  (2153,2376)  (2154,2268)  (2154,2295)  (1936,2315)  (1936,2288)  (2156,2403)  (1909,2338)  (1909,2311)  (1909,2284)  (1882,2338)  (1882,2311)  (1882,2284)  (1855,2336)  (1855,2309)  (1855,2282)
Goshen  (1357,57)  (1330,83)  (1330,56)  (1383,84)  (1357,30)  (1384,30)  (1384,57)  (1328,29)  (1356,110)  (1329,110)  (1303,83)  (1303,56)  (1410,84)  (1410,111)  (1383,111)  (1302,111)  (1355,3)  (1382,3)  (1409,3)  (1411,30)  (1411,57)  (1301,29)  (1301,2)  (1328,2)  (1436,0)  (1276,74)  (1437,114)  (1438,27)  (1274,47)
Missouri River Upper  (446,482)  (542,562)  (500,540)  (481,496)  (418,508)  (382,520)  (283,526)
Galveston  (139,2176)  (112,2202)  (112,2175)  (145,2203)  (139,2149)  (166,2149)  (166,2176)  (110,2148)  (162,2122)
Union4  (3110,971)  (3118,998)  (3102,944)  (3118,1025)  (3102,917)
Sand Mountain  (1525,1222)  (1548,1249)  (1521,1249)  (1510,1195)  (1543,1276)  (1516,1276)
Union3  (3108,701)  (3118,728)  (3102,674)  (3118,755)  (3102,647)  (3118,782)  (3102,620)  (3118,809)  (3102,593)  (3118,836)  (3102,566)  (3118,863)  (3102,539)
Shelbyville Station  (989,524)
Bloomington  (1263,518)  (1274,545)  (1265,491)  (1290,518)  (1247,560)
Snyders Bluff  (823,1554)  (819,1521)  (805,1580)  (832,1573)
Cleveland Station  (1903,77)
Union2  (3110,419)  (3118,446)  (3102,392)  (3118,473)  (3102,365)  (3117,500)  (3102,338)
Cramptons Gap  (2867,1652)  (2840,1678)  (2840,1651)  (2893,1679)  (2867,1625)  (2894,1625)  (2894,1652)  (2838,1624)  (2920,1679)  (2920,1706)  (2873,1598)  (2921,1648)
Union1  (3107,247)  (3118,274)  (3102,220)  (3118,301)
Selma  (1355,1697)  (1328,1723)  (1328,1696)  (1381,1724)  (1355,1670)  (1382,1670)  (1382,1697)  (1326,1669)  (1354,1750)  (1327,1750)  (1301,1723)  (1408,1724)  (1408,1751)  (1381,1751)  (1300,1751)  (1353,1643)  (1380,1643)  (1409,1655)  (1409,1682)  (1354,1777)  (1327,1777)  (1435,1709)  (1390,1778)  (1300,1778)  (1436,1657)  (1273,1793)  (1362,1804)  (1335,1804)  (1308,1805)  (1281,1820)  (1317,1832)  (1290,1847)  (1263,1847)  (1306,1874)  (1279,1874)  (1312,1901)  (1285,1901)  (1321,1928)  (1294,1928)  (1267,1928)  (1311,1955)
Cairo  (1027,773)  (1027,804)  (977,783)  (1000,787)  (994,815)
Naples  (744,383)  (770,410)  (743,410)  (723,356)  (750,356)  (771,383)  (777,350)  (696,348)  (797,410)  (797,437)  (723,329)  (750,329)  (798,381)  (824,446)  (797,464)  (705,302)  (732,302)
Gordonsville Station  (2627,2363)
Sierra de San Juan  (1396,2560)  (1408,2587)  (1408,2614)  (1340,2507)  (1414,2645)
Ottawa  (1026,177)  (999,203)  (999,176)  (1026,150)  (1053,150)  (1053,177)  (1004,230)  (977,230)  (1017,123)  (1044,123)  (1037,249)  (1010,257)  (1014,284)
Elizabeth  (1328,743)  (1301,766)  (1301,739)  (1354,770)  (1344,716)  (1355,743)  (1371,700)  (1274,769)  (1274,742)  (1381,770)  (1382,727)  (1398,698)  (1247,750)
Sierra de San Mateo  (1345,2884)
Sutton  (2088,442)  (2061,468)  (2061,441)  (2114,469)  (2088,415)  (2115,415)  (2115,442)  (2059,414)  (2034,491)  (2034,464)  (2141,469)  (2086,388)  (2113,388)  (2142,398)  (2142,425)  (2032,437)  (2032,410)  (2059,387)  (2007,513)  (2007,486)  (2086,361)  (2005,430)  (2057,360)  (1980,502)
Shreveport  (483,1661)  (456,1687)  (456,1660)  (509,1688)  (483,1634)  (510,1634)  (510,1661)  (454,1633)  (482,1714)  (509,1715)  (537,1623)  (537,1650)  (537,1677)  (427,1632)  (454,1606)  (426,1605)  (502,1742)  (564,1623)  (564,1650)  (453,1579)  (411,1578)  (591,1639)  (417,1551)
Erin  (1260,1025)  (1233,1044)  (1275,1052)  (1249,998)
Stanford  (1621,787)  (1594,810)  (1594,783)  (1621,760)  (1648,760)  (1567,812)  (1567,785)  (1617,733)  (1644,733)  (1540,796)
Meridian Station  (1172,1576)
Columbia  (2198,1223)  (2171,1235)  (2224,1250)  (2206,1196)  (2225,1223)  (2147,1208)  (2144,1236)  (2251,1264)
Apalachicola  (1740,1922)  (1713,1948)  (1713,1921)  (1747,1949)  (1740,1895)  (1767,1895)  (1767,1922)  (1711,1894)  (1720,1975)  (1693,1975)  (1686,1948)  (1686,1921)  (1738,1868)  (1794,1879)  (1794,1906)  (1684,1894)  (1698,1867)  (1804,1933)  (1725,1841)
Washington Station  (3157,1922)
Richmond  (2927,2681)  (2896,2694)  (2924,2716)  (2957,2709)  (2926,2642)  (2959,2646)  (2955,2676)
Port Republic  (2432,2204)  (2399,2231)  (2377,2258)  (2335,2281)
Florence  (1197,1157)  (1170,1178)  (1223,1184)  (1194,1130)  (1224,1154)  (1221,1110)  (1194,1103)  (1248,1091)  (1221,1083)  (1189,1076)
Fort Uintah  (1211,2312)  (1184,2338)  (1184,2311)  (1237,2339)  (1211,2285)  (1238,2285)  (1238,2312)  (1182,2284)  (1210,2365)  (1183,2365)  (1157,2338)  (1157,2311)  (1264,2339)  (1264,2366)  (1237,2366)  (1156,2366)  (1265,2268)  (1265,2295)  (1155,2284)  (1210,2392)  (1183,2392)  (1130,2339)  (1130,2312)  (1291,2322)  (1291,2349)  (1291,2376)  (1264,2393)  (1237,2393)  (1292,2268)  (1292,2295)  (1128,2285)  (1301,2403)  (1103,2320)  (1318,2322)  (1318,2349)  (1318,2376)  (1274,2420)  (1247,2420)  (1319,2268)  (1319,2295)  (1101,2293)  (1328,2403)  (1328,2430)  (1301,2430)  (1345,2322)  (1274,2447)  (1346,2268)  (1346,2295)  (1355,2383)  (1355,2410)  (1355,2437)
Nashville Station  (1295,1005)
St Charles  (724,530)  (697,556)  (697,529)  (750,557)  (724,503)  (751,510)  (695,502)  (670,529)  (668,502)  (668,475)  (695,475)
Lake Michigan SZ  (1170,23)  (1143,30)  (1143,3)  (1196,50)  (1197,0)  (1169,57)  (1223,27)  (1224,0)
Fort Belknap  (1954,2997)  (1927,3023)  (1927,2996)  (1965,3024)  (1954,2970)  (1981,2970)  (1981,2997)  (1925,2969)  (1932,3050)  (1905,3050)  (2008,2962)  (2008,2989)  (2008,3016)  (1878,3038)  (2035,2972)  (2035,2999)
Fort Saint Vrain  (1677,2349)  (1650,2375)  (1650,2348)  (1703,2376)  (1677,2322)  (1704,2322)  (1704,2349)  (1648,2321)  (1676,2402)  (1649,2402)  (1623,2375)  (1623,2348)  (1730,2376)  (1730,2403)  (1703,2403)  (1622,2403)  (1675,2295)  (1702,2295)  (1729,2295)  (1731,2322)  (1731,2349)  (1621,2321)  (1621,2294)  (1648,2294)  (1756,2270)  (1676,2429)  (1649,2429)  (1596,2376)  (1596,2349)  (1757,2376)  (1757,2403)  (1757,2430)  (1730,2430)  (1703,2430)  (1622,2430)  (1595,2430)  (1595,2403)  (1675,2268)  (1702,2268)  (1729,2268)  (1758,2297)  (1758,2324)  (1594,2322)  (1594,2295)  (1594,2268)  (1783,2268)  (1676,2456)  (1649,2456)  (1784,2351)  (1784,2378)  (1784,2405)
New Orleans  (921,2014)  (912,1987)  (948,1997)  (948,2024)
South Mountain  (2919,1490)  (2915,1517)  (2927,1463)  (2917,1544)  (2890,1544)  (2937,1423)
Pittsburg Station  (2193,162)
Honey Springs  (84,1233)  (57,1259)  (57,1232)  (110,1260)  (84,1206)  (111,1206)  (111,1233)  (55,1205)  (83,1286)  (56,1286)  (30,1259)  (30,1232)  (137,1260)  (137,1287)  (110,1287)  (29,1287)  (82,1179)  (109,1179)  (136,1179)  (138,1206)  (138,1233)  (28,1205)  (28,1178)  (55,1178)  (163,1154)  (83,1313)  (56,1313)  (3,1260)  (3,1233)  (164,1260)  (164,1287)  (164,1314)  (137,1314)  (110,1314)  (29,1314)  (2,1314)  (2,1287)  (82,1152)  (109,1152)  (136,1152)  (165,1181)  (165,1208)  (1,1206)  (1,1179)  (1,1152)  (28,1151)  (55,1151)  (83,1340)  (56,1340)  (191,1235)  (191,1262)  (191,1289)  (191,1316)
Lower Chesapeake Bay SZ  (3502,2767)  (3475,2793)  (3528,2794)  (3476,2740)  (3503,2740)  (3529,2767)  (3530,2739)  (3501,2820)  (3474,2820)  (3543,2821)  (3460,2713)  (3487,2713)  (3556,2766)  (3514,2712)  (3541,2712)  (3557,2739)  (3447,2826)  (3568,2701)  (3516,2847)  (3489,2847)  (3543,2848)  (3420,2848)  (3420,2821)  (3460,2686)  (3487,2686)  (3514,2685)  (3541,2685)  (3462,2853)  (3409,2794)  (3568,2674)  (3516,2874)  (3489,2874)  (3549,2875)  (3460,2659)  (3487,2659)  (3514,2658)  (3541,2658)  (3462,2880)  (3568,2647)  (3460,2632)  (3487,2632)  (3514,2631)  (3541,2631)  (3568,2620)  (3595,2614)  (3451,2605)  (3478,2605)  (3505,2604)  (3532,2604)  (3559,2593)  (3586,2587)
Ohio River Lower  (1358,644)  (1322,685)  (1119,772)  (1134,718)  (1188,704)
Cajuenches Cucapas  (848,2993)  (821,3010)  (821,2983)  (874,3020)  (848,2966)  (875,2978)  (794,2995)  (901,3020)  (901,3047)  (767,2980)  (928,3033)  (928,3060)  (955,3043)  (955,3070)  (974,3097)
Huntington  (2361,40)  (2334,66)  (2334,39)  (2387,67)  (2361,13)  (2388,13)  (2388,40)  (2332,12)  (2360,93)  (2333,93)  (2307,66)  (2307,39)  (2415,0)  (2415,27)  (2305,12)  (2366,120)  (2280,40)  (2442,0)  (2442,27)  (2369,147)
Allentown  (2622,6)  (2595,0)  (2635,33)  (2649,0)  (2568,26)  (2662,27)  (2676,0)  (2541,36)  (2541,9)  (2689,27)  (2703,0)  (2514,32)  (2514,5)  (2716,27)  (2487,16)
Upper Chesapeake Bay SZ  (3372,1994)  (3345,2020)  (3390,2021)  (3358,1967)  (3399,1980)  (3363,2047)  (3391,2048)  (3369,1940)  (3434,2052)  (3444,1935)  (3364,2074)  (3407,2075)  (3376,1913)  (3380,2101)  (3353,2101)  (3412,2102)  (3398,1875)  (3458,1874)  (3385,2128)  (3358,2128)  (3413,2129)  (3397,1848)  (3438,1842)  (3386,2155)  (3389,1821)  (3416,1815)  (3400,2182)  (3384,1794)  (3411,1788)  (3419,2209)  (3340,1775)  (3394,1761)  (3421,1761)  (3401,1734)  (3428,1734)  (3455,1711)  (3512,1654)  (3519,1627)  (3518,1600)
Annapolis  (3278,1872)  (3251,1848)  (3289,1899)  (3278,1845)  (3303,1926)  (3279,1818)  (3306,1817)  (3302,1953)  (3275,1964)  (3302,1980)  (3275,1991)  (3293,2018)  (3310,2045)  (3283,2045)  (3312,2072)  (3285,2072)  (3318,2099)  (3291,2099)  (3318,2126)  (3291,2126)  (3321,2153)  (3294,2153)  (3370,2219)
Townson  (3259,1607)  (3232,1633)  (3232,1606)  (3285,1634)  (3259,1580)  (3286,1580)  (3286,1607)  (3248,1660)  (3248,1553)  (3275,1553)  (3313,1619)
Charlottesville Station  (2471,2393)
Fillmore City  (981,2374)  (954,2376)  (997,2401)  (1008,2355)  (970,2403)  (1035,2349)  (1049,2322)  (1062,2349)  (1068,2376)  (1068,2403)
Parisburg  (2044,689)  (2017,699)  (2017,672)  (2070,716)  (2044,662)  (2071,662)  (2043,726)  (1990,698)  (1995,624)
Centreville  (2910,1931)  (2883,1922)  (2936,1958)  (2873,1895)
Grenada  (954,1408)  (927,1434)  (927,1407)  (980,1435)  (954,1381)  (981,1381)  (981,1408)  (925,1380)  (953,1461)  (900,1409)  (969,1354)  (996,1354)  (1008,1381)  (1008,1408)  (898,1382)
Andersen Station  (1518,320)
Keaton  (1650,185)  (1623,211)  (1623,184)  (1676,212)  (1677,170)  (1621,157)  (1698,137)  (1596,230)  (1596,203)  (1703,197)  (1703,224)  (1676,239)  (1704,164)  (1594,176)  (1594,149)  (1621,130)  (1715,251)  (1707,110)  (1725,137)  (1569,230)  (1569,203)  (1730,191)  (1677,266)  (1731,164)  (1567,176)  (1567,149)  (1752,137)  (1542,235)  (1542,208)
Lewistown Station  (2439,70)
Nashville  (1335,1016)  (1352,1043)  (1325,1043)  (1362,994)
Natchez  (764,1830)  (737,1856)  (737,1829)  (773,1857)  (764,1803)  (791,1810)  (746,1883)  (719,1883)  (762,1776)  (789,1760)
Chattanooga Station  (1561,1173)
Troy  (1495,1604)  (1507,1686)  (1476,1656)  (1507,1652)  (1475,1694)  (1463,1747)  (1511,1717)  (1494,1745)
Santa Rosa  (1387,1846)  (1437,1809)  (1518,1892)  (1373,1932)  (1362,1901)  (1344,1867)  (1490,1865)  (1386,1875)  (1485,1900)  (1523,1857)  (1406,1817)  (1470,1815)
Pensacola  (1410,1926)  (1415,1896)  (1445,1865)  (1445,1898)
Choctawhatchee  (1557,1766)  (1533,1799)  (1587,1811)  (1601,1760)  (1630,1858)  (1576,1883)  (1572,1922)  (1638,1998)  (1611,1971)  (1636,1936)  (1604,1926)  (1634,1896)  (1618,1821)  (1604,1895)  (1596,1851)  (1565,1847)
Gulf of Mexico West SZ  (670,2185)  (638,2178)  (607,2179)  (703,2194)  (742,2196)  (574,2168)  (537,2160)  (503,2151)  (775,2202)  (870,2202)  (477,2121)  (476,2188)  (516,2193)  (550,2200)  (584,2208)  (710,2158)  (630,2206)
Alabama Coast SZ  (1415,2015)  (1460,2028)  (1487,2053)  (1522,2091)  (1493,2131)  (1446,2150)  (1388,2157)  (1371,2107)  (1361,2071)  (1369,2024)  (1414,2067)  (1461,2099)  (1422,2110)  (1449,2065)  (1455,1980)  (1500,2003)  (1543,2028)  (1578,2110)  (1552,2166)  (1500,2196)  (1416,2191)  (1337,2196)  (1328,2143)  (1313,2096)  (1563,2065)  (1623,2090)  (1625,2169)  (1588,2191)
Munfordville  (1481,721)  (1509,736)  (1510,707)  (1537,721)  (1566,713)  (1537,690)  (1569,684)  (1577,743)  (1539,750)  (1507,764)  (1597,684)  (1452,718)
Galveston Bay SZ  (261,2191)  (210,2132)  (230,2211)  (192,2233)  (296,2175)  (329,2153)  (367,2143)  (401,2133)  (430,2127)  (263,2229)  (294,2206)  (331,2190)  (365,2180)  (400,2170)  (434,2168)
Gulf of Mexico Southwest SZ  (699,2238)  (737,2237)  (776,2237)  (661,2239)  (624,2237)  (588,2238)  (809,2236)  (552,2236)  (843,2237)  (517,2235)  (874,2239)  (905,2240)  (935,2238)  (969,2238)  (1002,2238)  (482,2239)  (443,2237)  (398,2236)  (1041,2237)  (1080,2238)
Mississippi Mouth SZ  (1126,2099)  (1156,2118)  (1123,2130)  (1150,2150)  (1187,2133)  (1180,2161)  (1146,2183)  (1116,2162)  (1156,2085)  (1190,2097)  (1219,2119)  (1215,2151)  (1179,2192)  (1209,2190)  (1125,2063)  (1096,2075)  (1097,2028)  (1102,1997)  (1092,2105)  (1086,2135)  (1053,2117)  (1114,2203)
North Carolina Coast SZ  (2876,781)  (2927,861)  (2900,828)  (2868,998)  (2930,903)  (2909,782)  (2941,779)  (2929,820)  (2960,816)  (2961,854)
Florida Coast SZ  (2252,1706)  (2223,1746)  (2195,1779)  (2185,1811)  (2219,1708)  (2232,1668)  (2260,1666)  (2283,1700)  (2251,1738)  (2193,1747)  (2293,1667)
Savannah Harbor SZ  (2352,1554)  (2321,1567)  (2351,1583)  (2382,1566)  (2380,1529)  (2349,1523)  (2319,1534)  (2290,1579)  (2321,1596)  (2409,1536)  (2433,1504)  (2400,1493)  (2287,1613)  (2350,1614)
Charleston Harbor SZ  (2536,1333)  (2516,1369)  (2490,1401)  (2471,1431)  (2556,1302)  (2582,1270)  (2612,1247)  (2645,1247)  (2613,1277)  (2587,1308)  (2572,1341)  (2551,1369)  (2523,1401)  (2549,1267)  (2524,1299)  (2503,1333)  (2412,1452)  (2452,1401)  (2440,1432)  (2501,1432)
Munfordville Station  (1458,750)
Brandon Station  (1012,1662)
Sargasso Sea SZ  (2596,1410)  (2656,1347)  (2741,1240)  (2803,1171)  (2533,1500)  (2410,1649)  (2325,1730)  (2260,1827)  (2290,1784)  (2362,1694)  (2432,1609)  (2478,1564)  (2560,1456)  (2623,1379)  (2682,1308)  (2714,1269)  (2780,1196)  (2829,1137)  (2505,1533)  (2230,1856)
Potomac Upper SZ  (3033,2097)  (3015,2133)  (3002,2180)  (3067,2061)  (3101,2036)  (3110,2005)
Bowling Green Station  (1372,913)
Brandon  (1010,1716)  (990,1685)  (979,1716)  (994,1745)  (1022,1745)  (1046,1775)  (1018,1774)  (1041,1805)  (1049,1743)  (972,1620)  (1039,1709)
Bowling Green  (1418,849)  (1387,863)  (1417,878)  (1447,860)  (1447,829)  (1416,818)  (1387,832)  (1410,907)  (1439,907)  (1476,839)  (1474,806)  (1444,801)  (1360,883)
Potomac Lower SZ  (3206,2317)  (3379,2412)  (3348,2381)  (3304,2348)  (3270,2322)  (3239,2318)  (3175,2305)  (3150,2274)  (3127,2244)  (3112,2197)  (3020,2232)  (3076,2215)
Rappahannock Upper SZ  (3187,2456)  (3163,2423)  (3155,2389)  (3124,2375)  (3094,2345)  (3057,2335)
Rappahannock Lower SZ  (3426,2653)  (3388,2644)  (3354,2629)  (3323,2618)  (3310,2579)  (3287,2552)  (3256,2532)  (3232,2499)
Mid-Atlantic SZ  (3049,233)  (3034,274)  (3036,361)  (3039,494)  (3032,643)  (3041,603)  (3042,549)  (3039,450)  (3035,399)  (3031,314)  (3050,678)  (3042,720)  (3040,758)  (3035,798)  (3039,832)  (3035,870)  (3024,915)  (2994,943)  (2960,985)  (2922,1024)  (2963,1023)  (2999,1029)  (2999,992)  (3033,958)  (3064,905)  (3048,1006)
South Carolina Coast SZ  (2712,1132)  (2723,1099)  (2746,1132)  (2679,1159)  (2654,1196)  (2689,1194)  (2715,1161)  (2677,1125)  (2751,1075)  (2649,1163)  (2757,1103)
Gulf of Mexico Southeast SZ  (1447,2238)  (1484,2240)  (1410,2240)  (1519,2238)  (1552,2238)  (1377,2241)  (1345,2240)  (1582,2238)  (1611,2238)  (1313,2239)  (1280,2240)  (1249,2240)  (1641,2240)  (1672,2240)  (1702,2239)  (1733,2239)  (1219,2238)
Gulf of Mexico East SZ  (1809,2101)  (1822,2071)  (1840,2099)  (1823,2131)  (1790,2132)  (1853,2133)  (1871,2097)  (1856,2067)  (1791,2071)  (1833,2036)  (1801,2039)  (1779,2102)  (1883,2129)  (1758,2133)  (1760,2070)  (1768,2037)  (1779,2164)  (1810,2164)  (1841,2163)  (1873,2161)  (1799,2007)  (1795,2195)  (1906,2160)  (1915,2128)  (1902,2097)  (1887,2066)  (1865,2034)  (1938,2164)
Key West  (1879,2240)  (1878,2213)  (1905,2239)  (1852,2241)  (1852,2214)  (1905,2213)
Debt1  (3626,3167)
Debt2  (3626,3167)
Debt3  (3626,3167)